1.844642,2.315086,1.947676,2.044490,2.152825,2.063123,2.049226,2.118083
2.165157,1.909709,2.128252,1.995720,2.031395,2.096297,2.221945,1.728711
2.084446,2.207762,1.887111,1.963228,1.772177,1.982305,2.442012,2.194812
2.016480,2.111344,2.105472,1.422760,2.112921,2.029731,1.816539,1.715059
1.657524,1.948050,1.937903,1.829789,1.909832,1.978557,2.172902,1.782012
2.321009,2.022701,1.896573,2.172327,2.007556,2.236605,2.212994,1.684021
2.286247,2.049022,1.958328,2.119251,1.845903,1.906673,2.205298,1.889256
2.262769,1.903011,1.994021,2.210640,1.712346,1.998871,2.005947,1.799157
2.029661,1.872087,1.965130,2.191517,2.011927,1.715813,2.152967,2.317504
2.021761,1.982649,2.356454,1.875229,1.846261,2.111943,2.043522,1.760370
2.060057,2.075577,1.729586,2.217113,1.904911,2.023699,2.199544,1.970391
2.128294,1.743302,2.031877,2.002112,1.988375,2.218903,1.792648,1.809559
2.100233,2.078685,1.821044,1.458191,2.165607,2.332321,2.048803,1.794776
2.070756,2.221259,2.269761,1.952663,2.067499,1.721015,1.871753,2.002717
2.193485,1.832617,2.175244,1.604641,1.922719,2.187898,2.042009,2.047544
2.031643,2.231978,1.986392,2.273659,2.152939,2.074645,1.308626,1.905749
2.458071,2.165152,1.996735,2.122482,1.954263,1.913283,2.005658,1.781209
1.999909,1.923527,1.780044,1.673510,2.353334,2.427155,2.261161,1.830721
1.925220,1.922823,1.971696,1.730785,1.684911,1.589405,2.317785,2.120363
2.305038,1.763797,2.305786,1.935533,1.960016,2.012904,1.547453,1.963623
2.125389,2.231025,1.891007,2.275686,1.940021,2.198602,1.934597,2.158600
2.029081,2.227498,1.977258,2.003558,1.965424,2.441381,1.955137,1.972528
1.798677,2.188232,2.165904,2.055472,2.206631,1.745842,1.808518,2.408847
1.927040,1.916665,2.015822,2.123607,1.995663,1.705496,2.118927,2.298170
2.301188,1.825501,2.178166,2.165351,2.146872,2.088935,2.121141,2.244139
1.872349,2.114387,2.126903,1.925043,1.825425,2.516781,1.855580,1.843596
2.350460,1.961950,2.009791,2.120627,2.109799,1.953262,2.209441,2.415861
2.084247,2.068092,1.957817,1.827932,1.987035,1.855579,2.056164,1.937225
1.801796,2.039324,2.482379,2.188909,2.102635,2.117084,1.920196,2.055220
2.105210,1.697839,2.057537,2.020296,1.895318,2.391090,1.768254,2.111622
1.954718,2.107019,2.215555,2.316742,2.235467,2.115890,2.309510,1.883673
2.153104,2.007914,2.233862,1.802368,1.931894,1.984452,2.202757,2.096183
2.459706,2.076146,1.819052,2.126830,2.047143,1.773306,1.973372,1.774663
1.796715,1.770726,1.515407,1.566442,1.933415,1.978457,2.125403,1.844141
2.089735,2.100741,1.884630,2.161527,2.266439,2.359066,1.946469,2.288755
1.725915,2.158132,1.688215,2.152478,2.175373,1.984806,1.869486,2.051147
1.966691,2.124759,2.156723,1.856630,1.844841,2.299527,2.060477,1.995903
2.129807,1.865719,2.115303,1.564862,1.730733,2.185800,2.057996,1.991821
1.802089,2.086164,2.192851,1.982466,2.172591,1.949771,1.899817,1.900271
2.125487,1.879866,1.952050,2.161920,2.390328,1.841300,2.162435,1.841900
1.882084,1.781498,2.000816,2.308673,1.935142,2.284315,1.688479,1.920896
1.781042,1.846495,1.860836,2.046454,2.180644,1.824420,1.870662,1.965672
1.817294,1.802097,1.926230,1.945981,2.231382,2.154219,1.800884,1.943611
1.961969,1.923390,2.001103,2.375421,2.127828,1.996714,1.907778,2.292113
1.992980,1.814238,2.262772,2.132605,1.998161,1.951061,1.969718,1.599023
1.663072,2.220949,2.164452,2.035715,2.167635,1.973717,2.081521,1.793458
1.798770,2.453678,2.305139,2.077939,2.027469,1.542306,1.836230,2.013459
2.062421,2.175140,2.273091,2.158107,2.174504,1.988680,1.801421,1.948335
1.541855,2.312452,2.192851,1.885583,2.291434,2.171164,2.176859,2.002499
2.255707,2.363175,1.672679,1.947320,1.445265,2.258715,2.120014,2.227856
1.754841,2.148910,2.158655,1.735656,1.989842,1.848688,2.021712,2.306643
1.965295,1.737933,2.329232,2.121907,2.147679,2.704237,2.221364,1.848532
2.156096,1.945161,2.279070,2.424189,1.948044,2.099654,1.918352,1.552563
2.185623,2.049783,1.981510,1.980814,2.096647,1.913763,1.998373,2.204048
1.887252,2.222501,2.000126,2.364758,2.192122,1.719363,1.965594,2.400208
1.972289,2.150710,2.102687,2.286895,1.981182,1.983641,1.864927,2.168781
1.993100,2.014487,1.896896,1.813160,1.971599,1.691992,1.751588,1.754556
2.123480,1.906488,2.078518,2.114510,2.221629,2.158064,1.690706,1.812064
1.769418,2.143733,1.756163,1.983355,1.823445,1.764785,2.045977,2.098793
2.062857,1.784872,2.289576,1.579110,2.199687,2.051161,1.890845,1.642876
2.047283,2.539241,1.862229,2.264462,1.977764,2.230881,1.892206,2.202006
2.281395,1.805916,2.059219,2.150168,2.074031,2.206686,2.031966,2.014799
2.195253,1.594265,1.916733,2.113736,2.099973,2.106351,1.837989,1.959579
2.069604,2.198396,2.122427,2.422113,1.908070,1.830353,2.135211,2.157060
1.811482,1.717391,2.088917,1.941504,1.893205,2.130670,1.734063,1.959617
2.600388,1.746604,1.686072,1.755138,2.188279,1.989156,2.064355,1.955479
1.947310,2.000044,2.224676,2.387325,2.106519,2.072050,1.791741,1.749332
2.384684,1.860516,2.455297,1.977872,1.933929,1.695185,1.808231,1.876446
2.132483,2.071689,2.182996,2.168007,1.765146,1.963792,2.169508,1.972330
2.001242,1.654171,1.854450,2.150491,1.830746,1.544839,1.950420,2.036357
2.056132,1.991368,2.268560,1.884336,2.151706,2.008222,2.001126,1.696241
1.679382,1.887856,1.715867,2.015270,1.790088,1.968319,1.941417,1.909079
2.045718,1.813535,2.036312,1.912596,1.922101,2.152735,1.843421,1.990067
2.163107,2.085306,1.712709,1.930646,1.727047,2.149391,2.612510,1.942029
1.776191,1.962021,1.931578,1.869062,2.028619,2.036301,1.964265,2.042663
2.225939,1.975592,1.969696,1.943683,2.039392,2.050480,1.819220,2.448629
1.741915,1.928196,1.633304,1.917740,2.134187,2.092997,1.496678,1.925070
2.008155,1.891608,2.570967,2.060306,1.932659,1.886191,2.231917,1.654784
1.962367,2.096513,1.647412,2.035441,1.929812,2.288422,2.175778,2.235471
1.711129,1.975012,2.087380,2.138085,2.041041,1.791107,2.226992,2.005385
2.026041,1.963193,2.048811,2.056679,1.866363,1.675979,1.817081,2.091391
2.176505,1.641319,2.029166,1.892582,2.071721,2.178815,1.821334,2.386656
2.055831,1.868418,2.022669,2.083427,2.336409,2.019121,1.815191,1.753129
2.374404,2.014803,1.911309,2.230416,1.859802,1.760903,2.159839,2.036372
1.933254,2.141698,1.920287,2.317870,2.121140,1.972908,2.114466,2.362421
2.180883,2.205122,1.996251,2.172568,2.050338,1.706122,1.537963,1.768164
2.096279,1.823949,2.128841,1.917089,1.981499,1.847473,1.683006,2.135435
1.816696,2.037810,2.486819,2.112644,1.747450,1.869182,2.180571,1.863512
2.079603,1.993876,1.850291,2.008510,2.339309,2.117086,1.922669,1.546387
1.888622,2.085434,2.148463,2.215563,2.040139,2.084612,2.101260,1.888959
2.046688,1.772423,2.128662,2.159914,1.632268,2.006614,2.001650,2.091191
1.959142,2.075047,1.782457,1.921285,1.771945,1.743347,2.192059,2.049341
1.814359,1.835571,1.578660,1.959885,1.596021,2.134190,1.761785,1.542670
1.967248,2.095286,2.139335,1.887527,1.821078,2.042163,1.873377,2.202737
1.556807,2.164708,2.173945,2.269199,1.752547,2.093452,2.159187,1.979437
2.031457,2.489442,2.072577,1.930869,1.981008,2.083140,1.883291,2.086303
1.904175,1.737793,1.907071,1.531990,1.754700,1.837273,1.961749,1.527331
2.125174,1.908546,1.925585,2.055230,2.231441,2.068886,1.690715,2.013696
2.062867,2.275099,2.202372,1.773610,2.328383,2.063117,2.332300,1.982549
1.832315,2.327445,1.894612,2.273322,2.045822,1.875636,1.864470,1.850521
1.965996,2.096544,2.456438,2.012794,2.351972,1.629665,1.661127,1.797912
1.740903,2.157312,1.691607,2.093759,2.042762,1.960743,1.744865,1.720538
1.943088,1.677550,2.194206,2.043445,1.972682,1.527344,2.125988,1.949765
2.037894,1.523653,2.226674,2.281128,2.104415,2.031261,1.800612,1.991488
1.816315,2.029644,1.897774,1.954722,1.963297,2.169741,1.955399,1.907890
1.997190,1.929923,1.846617,1.852654,2.333473,1.820507,1.536130,2.046206
2.449902,1.757414,1.800182,1.935937,2.195086,2.041374,2.072989,1.806468
2.441881,1.841426,1.983587,1.855502,1.966262,2.024255,1.930387,2.460664
1.771514,1.873664,2.067267,2.371120,2.119272,1.585763,1.886359,1.950257
2.230135,1.854849,2.255013,2.362033,2.133131,2.119218,2.207642,2.148657
1.895047,1.782508,2.225546,1.939709,1.926159,2.272697,1.959494,1.972269
1.807868,1.769694,2.279291,1.924908,1.951755,2.289045,2.221000,1.873809
1.783391,2.448260,2.024098,2.101020,2.002596,1.880706,1.970558,1.932588
2.109353,1.790729,2.138954,2.071372,1.953485,1.702039,1.643426,1.820007
1.952408,1.995543,1.736183,1.801348,2.078301,2.016427,2.129251,2.242173
2.173613,2.012983,2.138319,2.316243,2.172462,1.870314,1.900754,2.154446
2.291593,2.137723,2.094910,2.541819,1.978564,1.741138,1.717013,2.248871
1.991330,2.205437,1.811882,1.999052,1.915109,2.055167,1.662738,2.009226
1.735948,2.064203,2.078643,1.959266,1.998577,2.042992,1.777106,1.899131
1.803273,2.264697,1.979731,2.022861,2.101578,1.894905,1.798521,1.217503
2.096380,2.180675,2.272525,1.872947,1.949705,1.941060,2.102040,2.022447
1.942431,1.831084,1.954350,1.889524,1.964432,2.100269,1.717209,2.359515
1.844033,1.745088,1.644182,2.137861,2.009211,1.814116,1.947606,2.469655
2.060864,1.837370,2.029513,2.019793,1.988594,1.912078,1.998926,1.433602
2.152408,1.894262,2.130662,2.148274,2.614069,2.374615,1.870732,1.997749
2.116801,2.088026,2.374547,2.017958,1.854137,1.914462,2.082500,2.293528
1.600727,2.070384,2.142476,1.979782,2.021206,2.044541,2.038841,2.000516
1.783574,2.307868,1.942273,2.020759,2.090768,2.243146,1.925089,2.125478
2.107772,1.984142,1.732240,2.185867,1.962416,1.978171,2.006509,2.172409
1.819159,1.936792,1.878663,1.952385,2.408659,2.349799,1.878185,1.816345
2.251419,1.875974,1.613306,1.814539,1.852493,2.072190,2.051258,2.153977
1.902165,2.210591,1.881713,2.225535,2.357436,1.878920,1.801896,2.122406
2.044811,2.168659,1.847859,2.058677,2.028346,1.838962,2.240345,2.024899
1.914402,1.671597,1.868135,1.936799,2.537786,1.923739,1.984917,1.681670
2.042200,1.667372,1.963359,2.017818,2.383885,2.101937,1.790952,1.823478
1.701785,2.040982,2.244115,1.750757,1.788542,1.867962,2.294250,1.802902
1.694980,1.941390,1.892033,2.264401,2.028353,1.967403,2.007467,1.974035
2.527254,2.066655,2.095237,2.123740,2.211447,1.618830,2.106527,1.633156
2.148757,2.029285,1.982110,2.146838,1.646335,1.708579,2.214805,2.133753
2.223637,1.900119,2.032200,2.329407,1.906768,1.746365,2.056795,1.999930
1.997648,2.073863,2.157377,2.095490,2.081536,2.021344,1.829882,1.743831
2.008792,1.864736,2.160491,1.924081,2.012557,2.277849,2.047927,2.432675
2.094473,2.039303,1.974645,1.917358,1.978059,2.229192,2.052299,2.341165
2.328735,1.959580,2.211939,1.947796,1.656709,1.550941,2.154928,1.963489
2.014254,2.018632,1.905456,2.022168,2.100415,2.296340,1.792997,2.228485
2.050763,1.969962,2.122973,1.545900,2.083387,1.898383,2.059064,1.918955
2.202297,1.895515,2.419412,1.982294,1.546904,2.253744,2.227270,2.107564
1.972855,2.023939,2.500448,2.124726,2.134032,1.923074,1.925484,2.010050
1.780016,2.078376,2.192468,1.981592,1.773567,2.106352,1.923065,1.954153
1.920615,1.866795,1.923230,2.211455,1.825978,1.728139,1.895667,1.992774
2.269215,2.148413,1.773092,2.164502,2.152031,1.978001,1.926210,2.524184
1.885290,2.248220,1.853783,2.213662,2.102706,2.359713,2.004644,2.153614
2.235212,2.106924,1.863376,2.094816,2.222899,1.615515,1.516949,2.040514
1.558584,2.438548,1.929999,2.187007,1.914159,2.013347,2.393254,1.968215
1.772564,1.930657,1.981718,2.127004,2.346169,2.124541,2.277279,2.185549
1.973208,2.037806,1.797622,2.345185,1.878404,1.869274,1.557120,2.226018
1.881992,2.296062,1.582600,2.036378,1.864046,2.263081,2.002612,2.093090
2.023494,1.773304,2.314385,2.222594,2.196864,1.847727,1.707243,1.834122
2.488270,2.235224,1.934979,2.164277,2.185291,1.911812,2.148528,1.800869
2.068231,2.256635,1.654275,1.594758,1.944768,2.047941,2.320301,2.190232
1.634043,1.934967,1.885439,1.999234,2.004477,2.038949,1.930123,1.958245
1.746043,2.104322,1.941828,1.940105,1.798291,1.626761,2.092241,1.986752
1.952027,1.839461,1.693922,2.096126,1.959806,2.239667,2.042438,1.990373
1.635170,1.653722,2.036655,1.605325,2.048038,2.113182,1.820368,1.912238
2.267692,2.211642,2.039302,2.073962,1.578649,2.113043,2.081492,2.246785
2.113672,1.715311,2.041664,2.007716,2.155362,1.519832,2.238162,1.948906
1.929248,1.894745,2.367502,1.801655,1.941615,1.821250,1.996890,2.171734
1.790405,2.398701,1.702683,1.864798,1.893964,1.908918,1.787116,1.754106
1.915996,2.178654,2.113396,1.800372,2.018478,2.008594,1.922921,1.457810
2.061403,1.927738,2.060521,1.983947,2.255737,1.940741,2.180172,1.729266
2.014318,2.211631,2.265633,1.908474,1.831675,2.020137,2.018133,2.321778
2.127237,1.887458,2.227255,1.943379,1.810555,1.559781,1.955200,2.101967
2.122680,2.099200,2.237117,2.049313,2.174111,1.941207,2.190621,2.202015
2.009221,1.845049,1.761260,2.061102,1.853779,1.985213,2.242859,2.251912
2.079546,1.869297,2.040673,1.897744,2.204818,1.929178,2.332362,1.671444
1.731001,2.007587,2.016860,2.096702,1.821564,2.119832,2.174051,2.560994
1.939622,1.941852,2.060609,2.095658,1.720764,1.949884,2.006853,2.063113
1.940103,2.245893,2.081814,1.698052,2.010184,1.884181,1.700969,2.031319
1.854113,2.031021,1.894535,2.008791,2.182818,1.958586,1.833572,2.263004
1.887777,1.892661,2.094075,2.118205,2.045551,2.323500,2.193429,2.225417
2.139164,2.033682,1.736039,1.934589,2.021641,1.883205,1.832120,2.255843
2.326901,2.588981,2.510216,1.758237,1.968403,1.967411,2.125877,1.954686
1.991447,1.844224,1.932267,1.960051,2.102438,2.053707,1.637933,1.602195
1.983738,2.242883,1.680233,2.241902,1.991959,1.896839,1.862186,1.971889
1.836157,2.074782,2.132179,2.486389,1.642084,1.821760,2.016911,2.027610
1.668669,2.267641,1.807106,2.429476,1.588765,1.816301,2.444880,2.108169
1.503177,1.996972,2.303948,1.864896,2.000413,2.365368,1.841966,1.809978
2.390199,2.371388,1.822261,1.941751,1.778069,1.773075,2.187621,1.920471
2.061894,2.146859,2.178477,2.296361,1.730088,2.256769,1.976425,2.213000
2.055060,1.983771,2.070755,2.181575,2.030431,2.347287,2.229839,2.211756
1.902530,2.180106,2.063970,1.970149,1.804936,2.016283,2.046474,1.885206
2.023328,1.812590,1.804178,2.068409,1.617454,1.966349,1.801411,1.906529
2.039194,2.104387,1.907409,2.110714,2.000538,1.981564,1.830352,2.167753
2.003191,2.117218,2.068232,1.908272,1.952934,1.661329,2.053544,1.892208
2.410490,2.393088,2.093271,2.060168,1.717443,2.117792,1.882127,1.996665
2.028836,2.036618,2.245097,1.990503,1.879322,1.888111,2.087393,2.210980
1.986594,2.052359,1.940887,1.709161,2.016559,1.844310,2.334746,1.901291
1.953516,1.865539,2.062780,1.883089,2.126204,1.935098,2.035826,1.922358
2.074063,2.423114,1.931997,1.655593,1.899450,2.169639,2.099162,2.289197
1.995992,2.098754,1.995287,1.851139,1.977546,2.145009,1.751689,2.051022
1.963500,2.090756,2.015508,1.961461,2.315932,2.096864,1.880431,1.852282
1.944447,2.372701,2.114174,1.808387,1.539714,2.016378,2.019940,2.202091
2.108360,2.153226,1.914240,2.029864,2.192731,2.146405,1.866944,1.922076
2.284202,1.765830,1.978388,2.298285,1.912622,1.606158,1.900286,2.360248
1.994757,2.053045,1.875306,1.950723,1.856183,2.099336,2.159321,1.842176
2.080339,1.779447,1.741428,1.794853,1.750113,1.917970,2.102309,1.829530
1.948503,2.151078,2.138024,1.973217,2.066896,2.380030,2.176019,2.339393
1.818612,2.034524,2.237601,2.374769,1.497802,1.918256,1.983246,2.157968
2.025875,1.934039,2.272855,2.375866,2.099615,1.768124,1.766865,1.774723
2.277521,2.017443,2.086874,1.859810,1.983263,2.020556,2.161423,2.161560
1.952509,2.140347,1.913638,2.075927,2.219027,1.868164,1.979380,2.201897
2.329438,1.469706,2.079944,1.919351,1.841848,2.118205,2.035145,1.970120
2.400587,1.652023,1.893609,2.170733,2.095464,1.793247,1.709376,2.233665
2.279525,2.249922,2.107833,1.673619,1.878760,2.234478,1.937528,2.186565
2.214855,2.248691,1.992862,2.045882,1.814867,2.386166,1.965174,2.177794
1.719783,2.155978,1.990624,1.616439,1.706459,2.453663,2.008275,2.216417
1.727835,1.888773,1.886700,2.019217,1.890304,2.329872,2.012569,2.136647
2.422556,2.157292,1.805809,2.399705,1.931793,1.786893,2.048325,2.007215
1.881053,2.072324,2.128434,1.697831,1.923571,1.825568,2.138144,1.783675
1.776216,1.931222,1.810109,1.944180,2.053975,2.296455,1.824157,1.602086
1.669188,1.998509,2.265679,2.095742,2.235853,1.912167,2.185648,1.904342
1.900355,1.894956,1.872987,2.093176,1.793657,2.341690,2.078237,1.939157
1.617247,1.818727,1.844291,1.880794,1.930004,1.911279,2.270935,1.812902
2.114759,1.990114,1.792366,1.697654,1.952487,1.702528,2.019205,2.203085
2.348282,2.350382,2.215015,2.094387,2.204035,2.183660,1.887662,1.845061
2.058399,2.024630,2.010053,1.879318,2.128615,1.759967,1.566159,2.103372
1.699399,2.040973,2.305520,1.748359,1.811901,2.125430,2.030771,1.916500
2.013523,2.054303,2.350997,2.116379,1.934625,1.991213,1.861418,1.873707
1.792493,1.988043,1.649530,2.124802,2.114790,2.129131,1.960669,2.292903
2.240466,2.193970,2.116391,1.934212,1.743923,1.800774,1.788286,1.895384
1.969033,1.899623,1.895421,1.544306,1.733274,2.244818,2.150277,1.921236
1.736137,2.092163,1.857262,1.797511,1.728298,2.160426,2.087565,2.019745
1.968277,2.094443,1.758004,2.361168,1.777586,1.798369,1.996539,1.855007
2.115646,2.019607,1.929071,1.888958,2.221506,2.018719,1.966002,2.129813
1.879875,2.239415,1.652257,2.095964,2.234555,2.382477,2.066188,2.257778
1.798314,2.150317,1.945271,1.958257,2.121685,2.079491,1.594394,2.104968
2.155258,2.042459,2.096013,2.131271,2.024263,1.959560,2.428943,2.321818
2.157864,2.010527,1.654556,2.033541,1.933790,1.915749,2.255537,1.793670
1.158193,1.692504,1.531492,1.684695,2.327510,1.648025,2.188000,2.383315
2.031147,2.044319,1.862794,2.123720,2.212093,1.873695,1.776210,1.690193
2.211109,1.991712,1.962002,2.203694,1.792725,2.073583,2.253914,1.944857
1.988094,2.041424,2.205296,2.006713,2.110086,1.927675,1.607673,2.127520
2.343121,2.139432,1.704899,1.724650,2.110663,2.264881,1.829226,2.083164
2.516724,2.271054,1.994113,1.974374,1.875123,1.923640,2.075933,2.130999
2.332128,1.813904,2.074725,2.208888,2.081550,2.063007,1.907566,1.942856
2.057359,2.112657,2.082635,2.012844,1.787917,2.049736,2.339570,1.798280
2.254320,2.091969,1.992165,1.920021,1.774864,2.079616,2.057884,2.163517
1.803954,1.655844,2.372158,1.784699,1.771916,2.031035,1.827425,2.361714
2.210654,1.889759,2.158571,1.764055,1.664131,2.063379,2.160990,1.931826
2.065714,2.329586,1.908064,1.849605,1.967437,2.429038,1.320140,2.201331
2.095764,1.786437,1.658947,1.660559,1.960323,2.073799,1.835513,1.813369
1.958359,2.083041,1.845220,1.603287,2.066151,1.782299,2.119743,2.068150
1.914727,1.914926,2.195973,2.124278,1.997016,2.307874,1.666381,2.188057
1.852920,1.720282,2.336242,1.804867,2.242254,2.485152,2.000777,2.073264
2.011892,2.162324,1.596599,1.935164,2.110138,1.985331,1.855491,1.801771
1.975171,1.802796,2.200146,2.267324,1.875697,2.272774,1.947485,2.281353
1.861620,1.822615,1.915677,1.841027,2.282247,2.017563,1.738223,2.107161
1.999027,2.285050,1.981908,2.205660,2.093604,1.960454,2.150566,1.981218
1.913858,1.962012,1.994584,2.029533,2.095531,1.851182,1.865976,2.218197
1.912329,1.961477,2.188535,1.994965,2.209406,2.027640,1.999708,1.995908
1.930703,1.826831,1.994380,2.068750,1.702310,2.252589,2.136856,1.750229
1.912685,2.151364,2.020393,1.988402,2.395829,1.911264,1.731527,1.551122
2.083999,2.161933,2.037013,2.015432,2.411048,2.007150,2.578215,1.935487
1.936916,1.964250,2.203407,1.887794,2.207238,1.840559,1.582147,2.239756
2.081250,1.835017,1.855973,2.013490,2.110769,1.979633,2.040917,1.834730
2.047771,2.039470,2.284386,1.746053,2.078080,1.952361,1.895229,2.377632
1.887305,2.347413,2.240509,2.003626,1.837189,2.068588,2.252309,1.995736
2.356295,1.936666,1.771143,2.410732,2.356644,2.429721,2.037066,1.967775
2.150728,2.167497,1.892068,2.015138,2.098104,2.054914,2.021021,1.904943
2.218562,2.070530,1.959096,1.882216,1.988020,1.925037,1.989450,2.177713
2.108202,1.969158,1.950683,2.327564,1.972083,1.761102,1.563639,2.146523
1.719998,2.209911,1.871425,1.762424,1.760340,2.058305,2.019532,2.175299
1.787620,1.764383,1.693367,1.940552,2.106766,2.004314,1.940801,1.930041
1.933523,1.897028,1.712558,2.106962,1.946398,2.055690,2.002310,2.001795
2.168108,2.060463,2.126419,1.961172,2.052506,1.822672,1.962385,1.860291
2.323960,2.617656,1.562978,1.664848,1.939749,2.162684,1.948399,2.019994
1.688020,2.011121,2.208095,1.869215,2.077559,2.156129,2.195048,1.964367
1.783316,2.285761,1.957148,1.859412,1.682609,1.851824,1.797172,2.006953
2.168383,1.979752,2.065037,2.109597,1.933052,1.966262,2.307790,2.013748
1.843291,2.052639,1.756669,1.865160,1.886569,1.972289,1.794834,1.903756
1.735146,1.840121,2.101747,1.920294,1.939909,1.946220,2.065782,2.368913
2.218860,1.925465,2.160360,1.836187,1.892682,2.260014,1.739913,2.231028
2.014932,2.054311,1.761388,2.161257,1.904666,1.959041,1.840052,2.012997
1.959304,2.233430,2.022241,2.066776,2.206144,2.158452,1.822036,1.988853
2.531631,1.566719,2.021624,1.772167,2.124484,1.797916,1.926609,2.127676
1.886217,2.265881,2.172841,2.010916,2.064172,1.944534,1.764322,1.843691
1.871180,1.904666,1.737992,2.095327,2.080339,1.710153,1.992852,2.055508
2.089774,2.205090,1.915749,1.952959,1.767945,1.661773,1.983432,1.830162
1.932800,2.289716,1.774932,1.938596,1.985495,1.800802,2.126605,1.883750
2.098546,1.863269,1.744569,2.101092,2.295557,1.855130,2.007947,1.759605
1.977050,2.129834,1.672326,2.210833,1.498449,2.033512,1.826821,1.757705
2.227838,2.041640,1.963633,2.027435,2.152407,2.058139,2.223321,2.044731
1.798396,2.068272,2.091708,1.999265,2.009410,1.671882,1.842473,1.851370
2.172967,1.887808,2.452424,2.001199,1.954353,1.960424,1.982021,2.033497
2.162827,1.980453,2.254079,2.002821,1.803007,2.439117,2.000531,2.072794
2.090793,2.325220,1.871411,2.107892,1.930106,2.177006,1.790110,2.280793
2.005949,1.817991,2.271569,2.078136,1.760820,2.090808,2.016181,2.015548
2.176542,1.851581,2.287221,2.104834,2.092874,1.915647,1.791467,1.996771
2.450377,2.053631,2.073503,2.212969,1.798487,1.614665,1.970430,2.143868
1.922525,2.079983,1.713160,1.889359,1.641981,2.569495,2.107189,2.249960
2.077599,1.944428,1.817496,1.783536,1.978119,1.763133,2.125877,1.913496
1.747414,1.945015,1.813383,1.803726,2.323987,2.235543,1.927332,1.781135
1.732539,2.184886,2.345583,1.959961,2.027846,1.943192,1.748709,2.071742
1.723971,1.658169,2.339142,1.970228,1.462428,2.072102,2.203515,1.532768
1.704278,1.658157,2.105101,1.921520,1.926891,2.118810,1.826664,1.480280
1.990330,1.807550,1.839909,1.766610,1.927104,2.173471,2.108066,2.142064
1.921737,1.997484,2.098936,2.160153,1.779881,1.793070,2.332639,1.945873
2.023738,1.846492,1.872659,2.141828,1.927572,1.959675,1.973539,1.822241
1.958365,2.003596,2.332001,1.956533,1.959023,1.920715,1.868004,1.944325
1.917920,2.237800,1.931426,2.095642,1.988023,2.219142,2.033018,2.084155
2.369736,2.533689,2.138554,1.803441,2.032917,2.136164,1.880434,1.945257
2.292210,1.528113,1.821647,2.056314,1.595307,1.804187,1.935202,1.909511
2.292246,2.237439,2.015703,2.063835,1.734679,1.750568,2.240378,1.916811
2.367455,2.104951,2.050921,2.105003,1.885905,1.896030,2.001356,1.769782
1.947098,1.882172,2.306092,2.105169,2.038048,2.034673,2.007677,2.287233
2.237018,1.798085,1.936787,1.829011,1.699150,1.759641,2.114879,2.108300
2.010859,2.106824,2.341482,2.207633,2.504024,2.304236,1.826655,2.039637
1.840018,1.775030,2.232280,2.176111,1.985394,1.578633,2.140796,2.239641
1.838702,1.880983,2.057141,2.216525,2.246349,2.017939,2.075669,1.877967
2.171202,2.088109,1.840173,2.145033,1.905733,1.845262,2.154305,2.292239
2.213709,2.036979,2.209376,1.961980,1.900038,1.986378,1.852086,1.752273
2.051143,1.774516,1.871466,2.187768,2.318299,2.153763,1.709279,1.853770
1.945549,1.744677,1.839373,2.065005,1.952303,1.842446,1.818919,2.025955
2.135513,1.790566,1.458727,1.923147,1.728361,2.256534,1.952856,2.166120
2.111449,1.879683,1.990258,1.664773,2.094638,2.108964,2.397616,2.202169
1.877579,1.777938,1.772702,1.786935,1.871442,2.250965,2.015489,1.951562
2.068982,2.084996,1.947764,2.124204,1.958355,2.307388,1.402125,2.204615
1.287217,1.886119,2.311202,1.843974,2.018519,2.271924,1.877372,1.917079
2.196103,1.788915,1.563454,2.207667,1.843147,2.315890,1.728649,1.983408
1.732083,2.372812,2.179588,2.127705,1.866871,2.126034,2.343584,1.921257
1.680514,2.088352,2.092590,2.123810,2.498657,1.820190,1.843955,2.123913
2.348959,2.210347,2.298175,1.986679,2.253791,2.134112,1.857573,2.197574
1.935885,1.921675,2.072494,2.118702,2.289350,2.045270,1.611344,1.890360
2.189886,1.832521,2.022259,2.037471,2.225732,2.152497,2.014948,2.094869
1.889825,2.252938,1.959378,1.949222,1.692635,2.021184,2.222284,2.308392
1.596104,2.310501,1.838543,1.971078,2.099745,1.811445,1.531898,2.125768
2.173428,2.080008,1.925508,2.129222,1.921096,1.921217,1.583124,2.212940
1.903869,2.138840,1.963257,1.775443,1.888601,2.123073,2.081886,1.976070
1.743168,1.974993,2.025911,1.736035,1.815974,1.798270,2.271313,2.054969
1.882479,2.071648,2.203997,1.950182,1.994723,1.861137,1.723093,2.031924
1.992814,1.998867,2.112561,2.494626,1.773867,1.692455,2.078466,1.874338
1.907962,1.790740,1.874629,1.741135,1.777043,1.892654,2.032513,1.829138
2.261022,2.172254,1.904882,2.248998,2.262667,2.003732,2.281732,1.970204
2.066315,2.023803,2.079175,2.540577,1.907548,1.853089,1.965590,1.951545
1.800719,2.059510,1.864667,1.658037,2.013937,1.956017,2.093434,1.973440
2.065993,2.242095,1.518635,2.036096,1.510462,2.017129,2.238467,2.086143
1.801568,1.936680,1.711086,1.738491,1.862229,2.141294,1.976078,2.252417
2.208246,2.084472,2.477195,1.665826,2.112583,2.120972,2.191738,2.059629
1.783174,1.959107,1.903561,2.109392,2.018867,1.948975,1.652067,1.884159
1.680585,1.911366,1.785755,2.235016,1.989220,2.226806,1.772875,2.211653
2.069390,2.033482,1.586996,1.930478,1.703933,1.771767,2.419768,1.827461
2.091911,1.940586,2.004990,2.033396,2.290011,2.086028,2.224584,2.162612
2.079094,1.927811,1.970320,1.886633,2.135195,1.787178,1.995611,2.034386
1.949983,1.860696,1.865871,2.406827,1.898264,1.505784,1.794815,2.102636
2.155004,2.109451,1.784979,2.003067,1.804176,2.142051,1.990248,2.229964
2.001538,2.087618,1.972164,2.362714,2.019109,1.927307,1.678946,1.862947
2.126884,2.017446,1.594401,1.539740,2.127994,2.569479,1.976947,2.300626
1.832448,2.060421,1.983447,1.920386,2.446198,2.036021,2.026405,2.187238
1.913697,1.839616,2.105290,1.934566,1.959011,1.986768,2.121965,1.958182
1.515439,1.723846,1.946695,1.945330,2.187850,2.035500,1.913238,2.010728
1.952201,2.258232,2.008895,1.858587,1.662959,1.674072,1.983358,1.920687
2.178778,2.288447,1.832704,2.079966,2.599407,2.081284,1.967078,1.425079
2.043973,1.783410,2.302262,2.167538,1.604990,1.977713,1.916053,2.152352
2.121201,2.484399,1.982375,1.933924,2.440705,1.968936,2.271905,2.240592
2.032705,2.297181,1.824531,2.117398,1.776055,1.812159,2.201697,1.898488
1.867405,1.900695,2.110927,1.912830,2.150194,1.775264,1.848388,1.835296
1.570743,1.875924,2.177128,2.044407,1.675155,2.075892,2.326553,2.326857
2.263506,2.100305,2.012495,1.807677,1.700410,1.873932,2.083359,2.349562
1.978405,1.907064,2.121920,2.196086,2.220216,1.784353,1.920575,2.314184
1.924406,1.822906,2.142363,2.097191,1.929039,2.008924,2.224832,2.093888
1.799611,2.020679,2.136061,1.926741,1.921611,2.149539,2.071860,1.786740
1.927849,1.886820,2.117413,2.253993,2.190632,1.597235,1.753646,2.256536
2.263397,2.036134,1.838173,1.673029,1.829112,2.277374,2.007941,1.760341
2.048635,1.724190,2.036930,2.127685,2.189822,2.103573,2.133159,2.085979
2.534089,2.067502,1.793764,2.358293,2.093749,1.758803,2.156634,2.454002
2.007721,2.321016,1.554670,2.366764,1.622098,1.643973,2.229807,1.692608
2.203783,1.691634,2.046084,1.708965,2.394274,1.700306,1.951374,1.735668
2.067842,1.875178,1.833924,2.058472,2.073296,2.071771,1.882247,2.539519
1.803585,1.707986,1.679778,2.022013,1.943290,2.301921,1.907311,1.901891
1.971480,1.800440,1.922691,1.747322,1.926218,1.834599,1.942214,2.278076
2.010528,1.898928,1.999116,1.801581,2.128927,2.246409,2.180223,1.968640
1.730286,1.576305,1.817468,1.882036,1.699736,2.042672,1.966546,2.257159
1.841260,2.392172,1.597438,2.228568,1.753858,1.852764,2.047196,2.104847
2.593533,2.359247,2.023738,1.968367,1.533520,2.020212,1.997301,1.838198
2.213267,2.072912,1.999366,1.920727,2.158376,2.122565,1.380663,2.127098
1.845517,2.009626,2.336084,2.530401,1.987580,1.373190,1.810950,2.194760
1.648875,2.009588,1.986455,2.297992,2.088060,2.262806,1.878772,1.345172
1.872704,1.860041,2.109051,2.190321,1.811766,2.115923,2.027736,1.802796
2.199615,2.146551,1.980295,1.867124,1.975853,2.030429,2.090148,2.102005
2.216294,2.160806,2.099866,2.013068,2.043380,1.987129,1.945751,2.275453
2.015204,2.487738,1.534764,1.644775,2.067824,1.998608,2.021587,2.287529
1.853500,2.183655,1.670496,2.016229,1.790578,1.764327,1.804406,2.007096
2.134433,2.136465,2.267828,2.106789,1.994316,2.150140,2.182944,1.752491
1.652614,1.563696,2.165371,2.167331,1.851802,1.966756,2.124899,1.709454
1.799250,2.153680,1.865539,2.093498,2.196721,2.171057,2.022102,1.969530
1.821655,2.028781,2.303613,1.694708,1.988861,2.055731,2.140695,1.643752
1.936604,2.207338,1.735332,2.000291,1.943434,1.971406,1.810212,2.247912
1.843566,2.030285,2.007929,1.707196,2.054000,2.424842,2.284414,2.215947
2.349546,1.818507,2.147062,2.129330,1.853516,1.942801,2.137809,1.870392
1.737054,2.209253,2.136715,1.800563,1.893835,2.071981,2.151238,2.054702
1.921857,1.911070,1.879362,1.699788,2.047375,1.859076,2.380722,2.004837
2.014728,2.068233,2.074652,1.724058,1.611370,2.276127,1.876989,1.941258
2.074037,1.773247,1.962744,2.044043,1.635692,1.871441,1.738254,2.291289
2.149828,1.979442,1.985134,2.041061,1.867647,2.121467,2.186011,1.714196
1.979052,2.150486,1.910107,1.941046,1.860408,1.804564,1.968846,2.188970
1.936848,1.954552,1.645632,2.020348,2.193683,1.953075,2.082771,2.350099
2.179077,1.868897,2.142702,2.246717,2.043912,1.854398,1.723581,1.913779
1.970635,1.536259,1.850504,2.313373,2.135345,2.019260,1.968188,2.133256
1.890463,1.539847,1.617259,1.987117,1.942808,1.641882,1.914553,1.859444
2.449006,1.795495,2.292649,2.096144,1.867716,1.873444,1.613912,1.914494
2.350713,1.699780,2.089526,2.056562,2.030804,1.921708,1.945357,2.339381
2.194961,1.998935,2.129883,1.674379,2.166820,2.223957,2.206922,2.112762
2.141675,2.095278,2.222394,1.992748,1.701789,2.062753,1.773819,1.675004
2.147043,2.007301,1.809261,2.267651,2.231245,2.021398,1.984010,1.892709
2.080702,2.070271,2.095676,2.206598,1.929346,1.744268,1.886654,2.175785
1.701901,1.778067,1.827721,1.730684,2.077372,1.740847,2.047497,2.110848
2.415352,1.767201,1.985907,2.194148,1.922009,2.005124,1.899746,1.961688
2.099711,1.967311,2.093199,2.095231,1.914032,1.866000,1.961866,2.191316
2.172001,2.042197,1.957196,2.269228,2.238009,2.253755,2.139324,2.023986
2.062269,2.260481,1.682574,2.194661,1.884770,1.927715,2.285232,2.001664
1.984037,1.975975,1.923211,2.454730,2.328378,1.982132,2.027726,2.393599
1.874653,1.846099,2.381391,2.322598,2.084454,1.905991,1.939891,2.211935
2.017172,2.247798,2.054378,2.056208,1.811617,2.251906,2.002847,2.047377
1.590233,1.995964,1.816393,1.744600,2.068698,1.939422,2.386282,1.952298
1.951218,2.014579,2.282467,1.816449,2.303203,2.110543,2.170758,1.977137
2.151874,2.300287,2.019945,1.919467,2.257545,2.120791,1.823782,2.192722
1.975930,1.792329,2.350601,1.862558,2.139377,2.254018,2.067649,1.902513
1.859644,2.083899,2.152110,2.113363,1.648435,1.988926,2.277189,2.149964
1.992095,1.871033,1.993384,1.936282,2.136812,2.254139,1.714514,1.769956
2.070968,2.071084,2.009664,1.843615,2.117802,1.657362,2.086983,2.135633
2.300175,1.877856,2.090616,2.049850,2.074419,2.100555,2.070788,1.822793
2.156920,2.071968,1.867897,1.849612,2.139344,1.774709,1.607072,2.249069
2.088130,1.926959,2.288478,2.167885,2.273454,2.136405,1.933923,1.943965
1.647605,2.254169,2.148389,2.090880,2.046595,2.199024,1.837563,1.705903
2.335966,2.173093,2.089343,2.003980,1.836828,2.060670,2.086582,1.876441
1.762609,2.109158,2.026857,2.063797,1.965786,2.228671,1.980224,2.277006
1.834368,2.005846,1.784293,1.828008,1.927663,2.035260,1.815658,2.226189
1.961578,1.647051,2.031368,2.213149,2.028564,2.195762,2.043864,1.947436
1.884593,1.781824,1.915200,2.312435,2.113032,2.359428,2.150557,2.032970
1.921224,2.235027,2.121917,2.295552,2.205032,2.107821,2.003372,2.101587
1.528847,2.018104,1.702613,1.746495,2.235110,2.099252,2.524625,1.963218
1.869075,2.232973,1.852651,2.183374,1.977350,2.084384,2.202361,2.326754
1.623425,1.677978,1.659983,1.915587,1.925619,2.097375,1.863976,2.124220
2.442034,2.029180,2.197052,1.683348,1.814649,2.167632,2.053983,1.885172
1.701557,1.842137,1.715193,2.009022,2.037232,1.984720,1.875823,2.199634
2.044493,2.169924,1.801786,1.980906,2.001008,2.446051,2.017498,2.102857
2.165896,1.946413,2.082261,1.482863,1.850252,1.913157,2.080717,2.406608
2.145676,2.356273,2.246257,1.921409,1.532109,1.745842,1.828475,2.377662
1.980846,1.930550,2.009260,2.102591,1.898708,2.095384,1.967359,2.297087
2.481911,1.947477,1.821663,1.975343,1.936961,2.075119,1.894146,2.101083
1.716974,2.003103,2.020115,2.106288,2.157288,2.296718,1.819687,2.136660
1.991532,1.915976,2.157589,2.014639,1.866231,1.999996,1.952125,2.194904
1.971001,1.928218,1.641808,2.338267,2.433925,1.875452,2.020387,1.890648
2.190733,2.431068,1.995140,1.907011,1.859579,2.071987,1.824052,1.984344
1.904110,1.939175,1.843297,1.848460,1.925528,2.107529,2.276617,2.068893
1.787523,2.002633,1.967982,1.911902,1.905095,1.837371,1.740441,1.704662
1.817705,1.768313,2.106109,1.885100,2.175878,1.787030,1.886623,1.852585
2.050313,2.318914,1.929393,1.964666,1.908863,2.170371,2.069825,2.029134
2.205375,1.833715,1.775680,2.053073,1.789034,1.881943,1.973644,1.823431
1.900189,2.234625,1.899890,2.099320,1.642520,1.820475,1.847208,2.065481
2.064072,2.006974,1.991931,2.027228,1.979639,1.641868,2.397148,1.773763
2.072493,1.794155,1.821107,1.832143,1.740621,2.238533,2.254181,2.054528
2.215882,2.121024,1.879709,1.804633,2.247726,1.807642,1.885810,2.032450
2.375871,2.156325,1.986734,2.176670,1.622869,2.144261,2.227896,2.115319
2.228550,2.201175,1.880350,1.778831,2.094220,2.169363,1.738914,1.686360
2.174744,2.278239,1.883220,1.930389,2.017417,1.802861,1.970900,1.802420
2.099347,2.140816,2.132531,2.107098,2.052727,2.415981,2.140452,1.908763
1.698459,1.829205,2.194729,2.360401,2.225574,1.996351,2.250529,1.855847
1.771504,2.090410,2.195404,2.116661,2.593182,2.129407,2.273128,2.024682
1.680635,2.387333,1.784063,1.756458,2.154743,1.977808,1.673176,2.429528
2.050917,1.949346,1.958388,2.041421,1.720024,2.113823,2.066161,2.060054
1.676025,1.860730,2.379791,2.146850,1.925769,1.916271,1.999189,1.912772
2.119756,1.886036,1.960703,1.910891,2.088727,2.138715,2.320041,1.997459
2.309850,1.859210,2.168602,1.881822,1.888811,1.970474,1.797641,1.867439
2.249381,2.123976,2.164095,1.663386,1.994360,2.329007,2.253045,2.169498
2.054122,2.286981,2.193921,2.129684,2.011775,2.245635,1.915172,1.980472
1.926730,2.223538,2.089063,2.055468,1.621660,2.113802,1.848568,2.201828
1.899262,2.289363,1.994280,1.795535,2.003372,1.778913,1.630575,2.503825
1.870012,2.145849,1.743956,1.965362,1.896916,1.962906,2.122215,1.974379
1.500047,2.044669,1.737925,2.096340,2.068804,2.362380,2.098246,1.857135
1.871310,2.141525,2.226408,2.096197,2.080292,2.071167,2.303534,2.033909
2.159920,2.170541,2.328857,2.109486,2.252162,2.391063,1.791343,2.127719
1.457184,1.627432,2.166874,2.149530,1.993439,1.928028,1.906872,2.016471
2.020269,2.164884,2.346150,2.019999,1.613329,1.848015,2.097742,2.111767
1.915987,2.412619,1.997156,1.806244,2.193914,2.057370,2.167732,2.205834
1.920867,1.848971,2.388973,1.927185,2.221981,2.139504,1.752918,1.590108
2.263500,2.222478,1.943507,2.188652,1.988963,1.728294,2.164793,1.718630
1.996972,1.623804,1.727447,2.045531,1.808041,2.067651,2.208370,1.843765
1.461758,2.316427,2.226588,1.711069,1.972066,1.927476,2.183374,1.870165
2.057250,2.555838,1.893062,2.058405,1.838706,1.986888,2.039294,2.000556
1.961081,2.083939,1.907621,2.120736,2.079704,1.894234,2.109632,2.248054
2.016441,1.981608,2.069012,1.980345,1.966157,2.124888,1.987374,2.140413
2.040978,1.846179,2.146741,1.927411,2.215571,1.799895,2.019573,1.669093
1.927047,1.707394,1.912646,2.040200,1.799676,1.662081,1.921358,2.031604
2.108175,1.782435,2.291070,1.902287,2.078890,1.985420,2.188651,1.644739
1.813708,1.885594,1.813088,1.798787,1.804567,1.944068,1.765604,1.966463
1.961054,1.999278,2.198026,1.828998,2.114110,1.978670,2.101279,1.914934
2.038670,2.181334,2.309875,2.239996,2.143613,2.064966,1.879426,1.781183
1.533618,2.228570,1.759982,1.701450,1.719205,1.759117,2.212977,1.680944
2.131101,1.719036,2.012605,2.226440,1.598581,2.307411,2.197929,2.148633
1.879852,2.016619,1.599965,2.007901,2.104222,2.238322,2.174969,1.821285
2.147721,2.192193,2.022657,2.143352,2.203843,1.958068,2.022791,1.854267
2.321615,2.248906,2.228583,1.425385,1.796217,1.399872,1.717015,2.083164
1.871061,1.814590,2.117905,2.062544,1.880170,1.772104,1.783309,2.148767
1.978232,2.112362,2.108775,1.851485,2.332804,1.922958,2.148535,1.685233
1.640760,2.100921,1.968724,1.907242,1.528010,1.906215,1.509011,2.150975
2.096039,2.201404,2.017363,2.068798,1.848715,1.931568,1.808069,1.911975
2.221246,1.716794,1.800622,1.733442,1.904193,1.900415,1.918286,1.556132
2.228165,1.972721,1.831158,2.117476,2.058397,1.906853,1.809000,2.173336
1.972984,2.034799,1.930642,1.902091,1.679764,2.330909,2.517875,1.964031
1.489213,1.958198,2.078892,1.914157,2.134773,1.548058,2.424350,1.984924
1.801949,1.970097,2.034007,2.155136,1.952147,1.888672,1.868393,2.157672
1.852551,2.068959,2.178934,1.764696,1.724018,1.823991,2.187988,2.058974
1.792418,2.155211,2.073109,1.772948,2.280573,1.841862,1.695014,1.768222
1.878257,1.912398,1.982136,2.105295,1.949960,1.922053,1.605653,1.652336
2.231148,2.102066,1.893591,2.161765,1.765399,2.066151,1.948715,2.199866
2.164009,1.928004,2.413394,1.693045,1.900658,1.934991,1.912601,2.145307
1.952530,1.938248,2.066408,1.906002,2.068395,1.940698,2.094352,1.882122
2.314416,1.881800,1.780594,1.883767,1.979275,2.112785,1.953705,2.088049
2.206099,1.921513,1.997741,1.797954,1.798307,2.357449,1.955862,1.975238
1.884881,1.740149,1.712670,1.656837,1.496115,2.187027,2.028832,1.983428
1.984722,2.012174,2.358005,1.823160,2.046376,1.953868,1.920891,2.125947
2.187297,1.877073,1.917807,1.644730,2.033352,1.823378,1.682468,1.766121
2.383510,1.983000,1.735249,1.855154,1.845384,2.294230,1.863430,2.046617
1.967966,1.586664,2.028111,1.839932,2.018808,1.914604,2.069882,2.137492
2.014354,1.981095,2.400644,2.232186,2.214561,2.308703,1.965780,1.795352
1.975678,2.091810,1.802765,2.000087,1.897331,1.852873,1.853419,1.753193
2.130796,1.871115,1.917287,2.297336,2.050287,1.682053,2.038794,2.129364
2.354707,2.085146,2.103011,1.822869,2.073712,1.576078,2.382819,2.233324
1.964177,1.968117,1.834765,2.141885,1.688431,1.746682,2.163621,1.875037
2.020276,1.925249,2.096159,1.796426,1.831229,1.837124,1.724028,1.836627
1.862194,2.032485,1.858040,2.027680,2.033583,2.063860,2.025284,1.863618
1.913252,1.534147,2.007827,1.904224,2.151181,2.230626,2.142278,1.675884
1.622392,2.138260,1.955784,1.847978,2.020668,1.964228,2.448371,1.707082
1.846705,2.305385,2.195523,1.903858,1.693626,1.949518,2.099634,1.802548
2.206019,2.023871,1.994996,2.024777,2.120738,2.349289,2.016001,2.251382
2.095788,1.914829,1.933178,2.030433,1.779465,2.100182,2.109652,2.136671
2.014249,2.236432,2.212315,1.702523,2.454566,2.205551,2.174845,1.907388
1.994967,1.802738,1.881915,1.809090,1.961205,1.945425,2.182964,2.154276
2.161409,2.298717,1.839623,2.173954,1.871484,1.868961,1.651329,2.050697
1.712266,2.032316,1.875663,1.847607,1.711800,2.531458,1.901841,2.048351
1.957604,2.081425,2.316630,1.825815,1.972137,1.828232,2.408057,2.100514
2.007775,2.015852,1.895678,1.967816,2.171017,2.231958,2.075607,2.329066
1.535519,1.931144,1.919074,2.068332,1.871763,1.629758,1.530117,2.152606
2.041635,1.988956,1.856365,1.957275,1.821218,2.043166,1.845982,2.141617
1.851668,1.950865,2.404531,1.714839,1.901212,1.534475,1.914929,1.970816
2.191139,2.233994,1.769995,1.869203,2.003854,2.216496,2.092453,2.240686
1.953707,2.028657,2.064450,2.116075,1.947753,2.201662,2.331959,2.000941
2.342147,2.309123,1.526442,2.035046,2.007711,1.977553,2.166338,2.032374
1.763472,1.939573,2.223521,1.818919,2.298073,1.994993,2.417331,2.007514
1.927270,2.384832,1.872764,1.934333,2.272720,1.642528,1.842826,1.938681
2.370995,1.787499,1.740771,1.803030,1.930555,2.215703,2.187953,2.008460
1.992557,2.135914,1.992851,2.117579,1.683297,1.819915,1.729431,2.111008
1.773010,1.986649,2.285229,1.732446,2.270539,2.107410,2.374782,1.802125
2.370084,1.772404,1.883338,1.664817,2.113694,1.752128,1.935256,1.829746
1.992442,1.868089,1.835464,1.889564,1.880751,2.303594,2.070023,1.899910
1.710768,2.235799,2.065616,2.052403,2.173442,1.941642,1.965821,1.770616
1.796675,1.773251,2.158226,2.234427,2.114732,2.069731,1.826603,1.833876
2.209643,1.738097,2.234667,2.023290,1.849869,2.349138,1.924621,2.062794
1.522134,1.864059,1.876115,1.931343,2.068045,1.928860,2.198969,2.034601
1.848522,1.930176,1.814779,2.084743,1.934309,2.394045,2.029418,1.839859
2.033747,1.832138,2.372598,2.235324,2.101820,2.197078,2.230371,1.885603
2.146706,2.249716,1.701502,1.968213,1.763664,2.032552,1.958792,2.002677
1.521775,1.786530,2.024069,1.899069,1.796287,1.726933,2.145237,1.959274
1.908450,1.869972,1.942590,2.125201,2.496750,1.699063,1.945865,2.109602
1.912512,2.053957,1.932672,1.733714,1.986477,2.074817,2.202136,1.997273
1.912610,2.308084,2.032071,2.016973,2.056508,2.351096,2.158603,2.362489
1.886415,2.036112,2.034498,2.065127,1.983083,1.917237,2.194782,2.016640
1.864058,2.035246,1.985136,1.889384,1.841350,1.793187,2.335134,1.827392
1.910453,2.001389,2.048310,2.178499,1.984169,1.749526,2.113479,2.153328
1.864586,1.533390,2.051937,1.985679,1.917874,1.827880,1.912166,1.857006
2.284832,1.830718,2.258659,2.132120,1.929259,1.955001,2.113151,2.054611
1.861409,2.431154,1.835466,2.114351,1.968548,1.706695,2.286268,2.056298
2.032604,2.131217,2.351097,2.104990,2.358547,1.988650,1.703893,1.761078
1.962969,2.245131,1.942010,2.409210,2.120665,1.712521,1.747381,2.315575
2.320202,1.489223,1.880585,2.136782,1.705269,1.902748,1.998594,1.888300
2.427429,2.077495,2.092910,2.233850,2.270659,2.125345,2.138772,2.027030
1.497616,2.001511,2.234655,2.213653,2.032020,2.215275,1.974848,2.428288
1.804229,2.224506,1.908080,1.828551,2.059563,1.785760,1.875783,2.325007
1.782792,2.126307,1.772353,2.108672,1.923556,2.301889,2.246081,1.912766
1.967256,1.879394,1.885979,2.114685,2.008603,1.802371,2.167700,2.227465
2.216938,1.887311,1.947841,1.922026,2.332272,1.890088,1.729512,2.152267
2.083711,1.874294,1.924503,2.059816,2.294166,1.945469,1.975399,2.147861
2.235601,2.076962,1.753951,1.951947,2.113238,1.862544,2.282661,1.728027
2.404377,2.057384,1.859151,1.683212,2.001405,2.027891,2.020621,1.597665
2.207706,1.667157,1.969368,1.936458,2.096325,1.935924,1.803923,1.978619
2.234027,1.737082,1.893585,1.840022,1.611306,2.270756,2.163270,2.074919
2.236907,2.253383,1.815872,1.918385,2.465285,1.899482,2.113957,2.122650
1.927966,1.826901,2.387928,2.117417,1.962874,2.171471,1.631876,2.162251
1.762642,1.932471,2.171147,2.093624,1.912822,1.836975,1.825788,1.879116
1.532615,2.251424,2.034659,1.605614,1.921608,1.870632,2.279582,1.786681
1.980373,1.990043,2.234294,1.641693,1.889673,1.743160,1.789376,2.010673
1.913997,2.190174,2.208679,1.932328,1.799181,2.364908,1.997041,2.142646
1.782927,2.077629,1.721896,2.055692,1.751590,1.889291,2.155924,1.925610
1.928940,1.939616,1.832799,2.105503,2.201585,1.837213,1.985664,2.080500
2.002178,2.126150,1.786986,1.851505,1.969655,2.146518,1.684486,1.965877
1.838927,2.095359,1.516720,1.945294,2.019116,1.793938,1.775524,2.243436
2.193986,1.871151,1.677421,1.988982,1.937592,2.366512,1.577902,2.166235
1.969398,2.101250,1.834149,2.126595,1.945326,1.916850,2.054014,2.157214
2.359562,2.042219,1.834572,1.735357,1.944854,2.025210,2.572406,1.984731
1.939427,2.175839,1.803808,1.985849,2.235141,1.952096,2.068641,2.117246
1.767252,1.997168,1.753887,2.168532,2.093378,2.255092,2.090154,2.124040
1.899681,1.752072,2.005840,1.907444,2.053217,2.007792,2.289625,1.868044
2.126872,1.928145,2.114011,2.286460,2.202673,1.821377,1.746200,1.827270
1.801441,2.075359,2.034725,2.130585,2.170746,2.002981,1.927100,1.891361
2.400548,1.996014,2.170383,1.955634,1.969030,2.225468,2.150301,1.663430
1.460374,1.885549,2.246354,2.014455,2.009548,2.053002,1.994152,1.803539
1.699707,1.795790,1.774025,1.850435,2.145370,1.884323,1.964738,1.834793
1.623950,2.085835,1.867330,2.052275,1.893672,2.288624,2.217016,1.883264
2.036573,2.265529,2.053517,1.969283,2.006604,2.421588,2.046922,2.042981
1.925258,1.241970,2.411481,2.313194,1.812357,1.869404,2.590337,2.198095
1.973808,2.240933,2.026414,2.100304,1.826292,2.055235,2.126330,1.733642
2.318800,2.086168,1.992230,2.112787,1.676507,2.294961,2.166567,1.838855
2.070385,1.883331,2.063184,2.331454,1.926099,1.802083,2.127946,2.114105
1.665347,1.914759,2.342497,1.751609,2.010787,2.270769,1.763854,1.838746
2.265106,1.993403,1.938328,2.400084,1.931379,1.892082,2.068345,1.877675
1.885188,1.498787,1.762899,1.803465,1.793987,1.922725,1.977217,1.864952
1.953878,1.897274,1.784777,1.663760,1.775496,1.929531,2.324986,2.244046
1.896269,2.158809,1.370044,1.985396,1.885709,1.666411,2.133745,2.001072
1.720758,2.092356,1.778567,2.279907,1.831011,1.927107,1.832331,1.988314
2.072564,1.941928,1.994867,2.018183,2.190110,2.081865,2.451717,1.470608
2.155238,1.897261,2.040395,1.924631,1.743176,1.906684,1.837832,1.857791
2.257475,2.006820,2.062718,2.092183,1.877353,2.532042,2.021192,2.035748
2.020440,2.164828,1.964140,1.909265,1.820815,1.982761,1.702167,2.217324
1.888405,2.184118,1.834252,1.957839,2.206241,1.959028,1.991931,2.223865
1.922269,2.084108,2.259472,1.653274,1.843181,2.068550,2.056581,1.637655
1.991961,1.613687,1.938641,1.899800,1.992968,1.751146,1.921699,1.845203
2.042883,2.043540,2.067323,2.341644,1.933732,1.939953,2.391275,1.771502
2.019254,1.646958,1.964617,1.987251,2.234703,2.194872,2.066245,2.265705
1.851522,1.870078,2.209481,2.247517,1.820656,1.796323,1.872013,1.817901
1.784584,1.969064,2.006559,2.094848,2.016617,2.024532,1.973439,1.772471
2.319805,1.777493,1.990502,1.934731,2.319805,2.278122,1.985872,2.033852
2.020030,2.107278,1.885668,1.836922,2.359374,1.949462,2.229937,2.282596
1.969129,2.141317,1.668140,1.718758,2.168620,2.207067,2.059551,2.108371
2.214537,1.874484,2.081557,1.909018,2.111656,2.004506,2.023716,2.487212
2.018195,2.251592,2.157502,1.741047,1.340595,2.149017,1.707609,2.057965
1.881241,1.510027,1.882484,2.005172,1.903337,2.280978,2.211666,2.027537
1.912572,2.238479,2.128838,1.861987,2.196077,2.152555,2.124412,2.217460
2.177815,2.052992,2.074299,1.944520,2.188405,2.226698,2.060845,1.926322
1.855359,2.120985,2.044036,2.167547,1.872952,2.272443,1.820063,1.664386
1.780243,1.892539,1.887899,1.624281,1.924600,1.835238,1.960538,1.912948
2.015381,2.101771,1.753340,1.918679,1.877985,1.953802,1.982539,2.239781
2.063080,2.251933,1.755523,2.025741,2.126951,2.107654,2.039932,2.016513
2.089933,2.048331,2.213647,1.691703,2.101644,1.798112,2.059983,1.630723
2.243382,2.238671,2.266403,2.013043,2.195922,2.258377,2.047757,2.322183
2.196372,1.852305,1.963832,1.765096,1.930766,2.104293,2.068193,2.077893
1.982271,1.924115,2.259313,1.956185,2.143577,2.181480,1.976566,2.144357
1.800706,2.088873,2.149466,1.560634,1.887517,2.392674,2.568681,1.691420
1.803767,1.912840,1.882634,1.590098,2.020811,1.719177,2.028853,1.899548
2.347783,2.036328,1.842727,1.894013,1.945963,2.417164,2.165395,2.082676
2.241499,1.972115,1.892609,2.314875,2.273296,2.124202,2.004114,2.225848
1.948193,1.869624,1.973662,2.116250,1.783675,1.863383,2.459829,2.201543
1.723174,1.800773,2.097813,2.073910,2.208750,1.876661,1.973470,1.846957
1.851314,2.018039,2.077086,1.906947,2.230815,1.952072,2.030564,2.155868
2.193371,2.184937,1.756355,2.037042,2.248473,2.256291,1.546439,2.043393
1.859794,2.144295,1.780451,2.080437,2.242413,1.982417,1.608914,1.599843
1.851591,1.945200,2.067631,2.401614,2.254627,1.851031,1.820457,1.820856
1.908254,1.638674,1.766271,1.749297,2.127114,1.794393,2.130270,1.865391
2.194424,1.736715,2.380357,2.256649,1.931578,1.879235,1.667749,1.974512
2.122122,1.962740,1.865220,1.686402,2.414613,1.864009,2.410720,2.026354
2.019179,2.003708,1.863226,2.189904,2.077192,2.040137,2.048107,1.893536
1.943320,1.958262,2.126978,2.230808,1.700090,2.284084,2.012169,1.971972
1.776008,1.900060,2.228338,2.403579,1.846777,1.970003,2.016994,1.700839
2.144228,1.443513,2.100123,2.210978,1.932042,2.103167,1.893796,2.100804
1.929386,2.175473,1.899605,2.275489,1.847505,2.150127,2.290845,1.657996
2.103936,2.206300,1.750057,1.676161,1.975900,2.023289,1.621390,1.948013
1.857738,2.164157,2.191054,1.797753,2.111888,1.942641,2.034787,2.281087
2.155812,2.149189,1.986130,2.190451,2.031527,2.724599,2.343052,1.730471
1.884321,2.166222,1.833690,2.106553,1.851192,1.789746,2.311725,2.203556
1.886548,2.192881,2.131438,2.099548,2.293482,1.938358,2.198924,2.048158
1.871004,1.873110,2.173473,1.932106,1.887511,1.833809,1.889544,2.156892
2.043568,1.894888,1.988826,2.260420,2.140493,2.008352,2.140425,2.004918
2.152394,2.080312,2.122755,1.666677,2.161533,2.030804,1.918297,2.248559
2.060562,1.809408,2.040329,1.846937,2.285925,1.883873,1.826993,2.076978
1.834515,1.689010,1.786317,1.606885,1.977630,1.790814,1.850837,1.895548
1.995790,2.202305,1.862373,2.207258,1.879979,2.270001,2.006067,2.062968
1.917194,1.659798,2.127564,2.178014,1.938632,2.235134,1.702272,1.905447
2.099384,2.117971,1.969750,2.024138,2.242922,2.183853,2.019076,1.958320
2.384081,1.609427,2.131410,1.899818,2.067235,2.149920,1.968905,2.307973
1.958660,1.963372,1.881501,1.670520,2.250798,2.059588,2.277029,2.152671
1.890367,1.614767,2.224160,1.897920,1.721194,1.937427,1.580870,2.297884
1.870882,1.913233,1.900924,2.120653,2.250170,1.733433,2.039169,2.264686
2.094910,2.224137,1.758973,2.366379,2.162751,2.190050,1.624637,1.794003
2.226320,1.809120,2.230648,1.731441,2.088521,2.048434,1.843545,2.344079
1.862546,2.196133,1.700982,2.014788,1.899557,2.294213,1.849404,2.072997
1.856767,1.745009,2.011652,1.980079,2.179120,1.854759,2.204953,1.875278
2.082496,1.949086,1.839387,1.892509,1.751637,1.960761,1.906203,1.922346
1.831509,1.980456,2.051556,1.778620,1.792763,1.823107,2.080723,2.189269
1.658523,2.262473,1.971821,1.877793,2.164535,2.153607,2.026541,2.036499
1.867375,2.184027,2.132658,2.103727,1.846277,1.424532,1.938256,1.881771
2.184464,2.289388,1.775682,1.867182,1.922763,1.685273,1.751793,1.837976
1.762882,1.985824,2.064235,1.621022,2.091396,2.118669,1.876652,1.717029
1.969188,2.187784,2.220241,1.937526,2.048256,1.961872,1.913117,2.075356
2.333383,1.741746,1.732220,2.183122,2.364068,2.002989,2.044085,2.034942
2.179770,2.189443,2.064117,2.167189,1.942910,1.755624,1.891253,1.798737
1.997190,2.115770,2.114128,1.884765,2.059209,1.758699,2.016043,2.181059
1.968151,1.944825,2.088511,2.107331,2.070376,2.070728,1.927445,2.109342
1.920047,1.783898,1.857431,2.296720,2.281249,2.342499,1.846670,2.435840
1.859338,2.113986,1.913743,1.931010,1.595092,2.162732,2.006936,1.680740
1.870097,2.481217,2.001386,1.889306,1.960606,2.001287,1.868999,1.616796
1.929001,2.150210,2.222822,1.907085,1.976518,2.071625,1.919804,2.420229
1.888084,1.955464,1.894655,2.045725,1.973938,1.897667,2.268121,2.096180
2.017400,2.114570,1.921892,1.836327,1.955674,2.053951,1.971314,2.180470
1.775560,1.756905,2.065605,2.004190,2.297317,2.115149,1.954286,2.137850
1.892167,1.970605,1.893758,1.833669,2.160133,2.011242,2.255787,2.165695
2.317821,2.054486,2.004170,2.127197,2.156822,2.246105,1.845051,2.157690
2.204327,1.906417,1.758793,1.943964,1.995339,1.969696,2.221106,1.964296
1.975388,1.947235,1.774765,2.401296,2.300309,1.887920,2.025210,2.533299
1.981086,2.169324,1.750565,2.090660,1.825008,1.838699,1.963163,1.877690
2.016888,2.123055,2.165350,1.878736,1.785071,2.107269,1.847200,1.951870
1.944118,2.064289,1.501150,1.780786,1.805404,2.054684,2.153754,1.893538
2.004509,1.966928,2.187547,2.076656,1.884876,1.799738,1.820286,2.156715
2.122771,1.892679,2.144745,2.145102,1.897200,2.482559,2.251049,1.765506
2.091899,1.465801,1.578668,2.100753,1.738153,1.897361,1.922319,2.205344
1.870907,2.080532,1.938596,2.044046,1.935894,1.899397,2.017033,1.837211
2.037435,2.261809,1.830196,1.948869,1.964324,1.967871,1.856250,1.849997
1.630472,2.252866,1.953827,2.114705,1.705745,1.808541,1.918442,1.706803
2.056655,2.165562,2.019136,1.818472,1.847362,2.005114,2.093421,1.898859
2.207962,1.759117,2.123331,1.793157,1.860304,2.026900,2.098142,2.182564
1.589233,1.760047,2.015743,1.877659,1.814416,2.138112,2.061380,2.420824
2.427171,2.046344,2.051179,1.967531,1.840649,2.018838,2.299240,1.548550
2.086543,2.204019,2.085873,2.098534,2.208248,2.180023,1.772751,2.173424
1.909710,1.760437,2.619125,2.008184,1.921767,2.089476,2.095853,2.071374
2.158803,1.870465,1.931053,1.703428,1.959444,1.710188,1.746085,1.887725
1.823933,1.940333,2.114059,1.983228,2.073024,2.002134,2.053054,1.850234
1.817633,2.114131,1.987853,1.979885,2.262285,1.585685,2.091661,1.894498
1.905451,1.562402,1.944169,1.757091,1.949398,1.820490,1.994892,1.789188
2.015550,1.579689,2.349091,1.986982,1.827221,2.477590,1.955320,1.921483
1.406918,1.877559,2.151013,1.793797,1.919255,1.714820,2.101119,1.520258
2.136741,2.137198,1.641758,2.118694,2.231556,2.098844,1.896334,2.085123
1.643780,1.936649,1.830938,2.048384,1.905897,1.888056,2.114315,2.039775
2.217924,1.982821,1.820008,2.005056,2.219877,1.819353,1.721440,2.220600
2.279003,1.917955,2.100740,2.079996,2.118065,2.102435,1.931219,2.185224
1.900288,1.864712,1.707557,2.250895,1.846341,1.851500,2.010015,2.002952
1.943618,2.050085,1.815411,2.147621,2.099482,1.885135,2.233968,1.815736
1.744736,2.017166,1.502428,2.324790,1.723215,1.827709,2.033199,2.008526
2.019832,2.017739,1.852883,1.946934,1.944094,1.958347,2.025263,2.124031
2.224473,1.746483,1.919269,1.791373,2.175714,2.031262,1.870612,2.188590
1.728862,2.066066,2.316543,1.973403,1.976335,2.030460,1.840838,2.212849
1.901394,2.096794,1.532392,2.089340,1.965817,2.203519,2.189089,1.856637
2.015095,1.616180,1.624199,2.033452,2.125876,2.241725,2.243557,2.057793
1.943579,2.271832,1.618220,1.902183,2.061288,1.935551,2.519109,2.063524
2.294695,1.871701,1.969887,2.090690,1.787058,2.106116,2.275757,2.383903
2.298960,2.083899,2.064968,2.257833,1.920574,2.038727,1.920420,2.071075
1.614882,1.833431,1.997019,1.701147,1.879146,2.196685,2.130233,2.149749
1.858296,2.009420,2.023934,1.726114,1.995464,1.847160,1.834090,1.957099
2.113185,1.814439,1.703526,2.211429,1.781235,2.085560,2.280504,2.064923
2.100796,1.846946,2.204465,1.555701,2.266205,2.048355,1.862624,2.019135
1.628656,1.985237,1.869638,2.178632,1.984709,1.879747,1.923859,2.196708
1.910025,2.226672,2.115985,2.194215,1.710561,2.165057,2.031716,2.555577
2.089856,1.813645,1.641928,2.014069,2.253620,1.955028,1.711716,1.663691
2.132996,2.055579,1.484693,2.133797,2.136890,1.823151,2.119391,1.896729
1.968937,2.341126,1.991738,1.726976,2.005211,2.054722,2.068532,1.887649
1.845686,2.002126,2.110527,2.150128,1.927789,1.711292,1.899416,1.994658
1.859245,1.743195,2.124498,2.043203,2.004043,2.231854,2.213509,2.245249
1.946022,2.000563,2.156158,2.029247,1.822166,2.013988,2.122677,2.154986
2.030725,2.131995,2.551205,2.198439,1.702561,2.047944,2.067080,2.090070
1.861895,1.837092,1.678320,1.687517,2.066423,2.107766,2.483124,1.875257
2.031370,1.908265,2.066829,2.172890,2.226231,1.948065,1.918972,2.024939
2.072458,2.009913,1.946506,2.073400,1.590629,1.662591,2.418156,2.002498
2.120272,2.137299,2.232009,2.116911,2.183873,1.912137,1.941936,2.223943
2.281027,2.047543,1.915597,1.725967,1.897200,2.266235,2.112686,2.268793
2.070108,2.164481,2.235743,2.185785,2.169745,2.110710,1.987853,1.848338
2.042820,1.651296,2.198083,1.857795,2.134809,1.913397,1.905803,2.402565
1.393459,2.156227,1.735500,1.858148,1.699513,2.011690,1.930366,2.011048
1.655041,2.118760,2.295636,2.154097,2.235248,1.962230,1.973004,1.686307
2.088017,2.103006,1.999757,1.974574,2.173815,1.893029,2.055965,2.303777
2.239431,2.235703,2.144256,2.067174,2.159591,2.230276,2.094712,2.296594
1.932453,1.946846,2.015703,1.666154,2.096861,1.957804,2.083678,1.479112
2.061930,2.097107,2.449998,2.175213,1.989569,2.135805,2.011068,1.861264
1.710556,2.157327,2.244828,1.930417,1.731311,2.099710,2.018061,1.890219
2.143882,1.828711,2.018625,2.134430,2.041075,1.790835,2.318218,1.848628
2.061093,2.063430,1.558643,1.743154,1.717441,1.986995,1.900341,2.108024
1.950970,2.053998,1.743662,1.895276,2.072428,2.313178,1.575948,1.719318
2.222669,1.855880,1.917663,1.882722,2.468308,2.273811,1.769840,1.852103
2.156982,2.264102,2.233110,2.078276,2.130093,1.926861,1.991023,1.654328
2.165884,1.719834,2.158767,2.111793,1.927690,2.163454,2.119180,1.913063
1.927910,2.305368,1.754560,1.668664,1.848878,2.225769,2.122904,1.855862
2.308063,2.133855,1.936130,2.110915,1.954049,2.071514,2.173226,1.855892
1.955167,2.210440,1.962855,1.654923,2.284018,2.093293,2.017766,1.867920
1.930919,2.211749,1.902591,2.048060,1.796203,1.883465,2.372085,2.170588
2.086174,1.979939,2.185325,2.263674,2.106614,2.008018,1.825217,2.273834
2.229987,1.849344,1.947062,1.990498,1.756742,2.051030,2.401978,2.149371
2.174593,2.135027,1.880452,1.909128,1.809970,1.937199,2.043053,2.239829
2.122163,2.200529,1.980340,2.047516,1.644548,1.574180,2.086771,2.051916
2.022408,1.618027,2.311293,1.720703,2.050716,2.397839,1.973687,2.117007
1.848229,2.188488,1.967672,2.024014,2.195471,1.815339,2.379250,1.772517
1.756260,2.044414,1.828738,1.924257,1.903761,1.822844,2.177707,2.504986
1.972601,2.222122,2.074170,2.074448,1.780148,2.401345,1.455146,2.296071
2.107165,2.402661,2.283072,1.748018,1.906193,2.418342,1.950902,2.093752
1.940591,1.689792,2.384153,1.883114,1.795518,2.062864,1.941125,2.141337
1.607733,1.985187,1.537951,2.446295,1.915658,2.515835,2.232908,2.011932
1.938969,2.192612,1.958295,2.361101,2.234702,2.068702,1.772954,2.078259
1.910551,2.310892,2.036743,2.026433,2.082531,2.167006,2.071236,2.244533
1.840801,1.755540,2.161547,2.257984,2.042248,1.931290,2.249049,2.034259
2.096736,2.149725,2.133216,2.117817,2.377979,1.964010,1.800218,1.875172
1.988588,1.978686,1.941237,1.903204,1.903138,2.358480,1.949094,2.116512
1.775102,2.156713,2.272705,2.117337,1.717686,1.922836,2.250292,2.485544
2.067331,1.681802,2.084624,2.057099,1.848633,2.105898,1.781334,2.074124
1.847353,2.071434,2.056495,1.743116,2.273649,2.125384,2.172734,2.374901
2.320248,1.773444,2.167069,2.284130,2.133627,2.365094,2.197028,2.125523
2.350659,2.082188,2.460100,2.081211,2.320521,1.814740,2.121969,1.773407
1.981671,1.709514,2.289651,1.716247,2.163339,2.067402,2.039752,2.256904
2.024637,2.180006,2.021763,2.029171,1.978010,1.577565,1.728573,2.136863
1.880071,1.959806,2.079956,1.786551,2.276196,1.859582,2.122582,1.939016
1.755080,1.853897,1.892239,1.864467,1.772065,1.848031,2.046851,2.200602
2.247514,1.701129,1.683304,1.896927,1.985524,2.273610,2.025023,1.965804
1.954045,1.672313,1.839759,1.910456,2.137641,2.120382,2.134742,1.889401
2.215148,1.852276,2.077012,2.067954,1.838689,1.946148,2.117174,1.784703
2.506955,1.864306,1.532470,1.716982,2.043894,1.975711,1.985445,1.878847
2.085411,1.719265,1.910205,1.951450,1.885212,2.123410,1.963982,2.021195
2.103499,2.159702,1.979415,1.571566,2.134671,1.929782,1.925463,1.906285
2.034752,2.169179,1.924607,1.941305,1.977447,1.642665,2.117256,1.543423
1.805055,2.152801,2.018822,2.133684,1.949333,2.151682,1.913726,2.188275
2.055978,2.145918,2.141142,2.290927,1.775356,1.898879,1.938648,1.788112
2.119234,2.055877,1.976478,2.066637,1.670613,2.175622,1.991584,1.865309
2.013748,2.299721,2.264656,2.160578,2.325019,1.500545,2.059260,1.746563
1.977115,2.239573,1.974573,2.132081,2.235480,2.437895,2.135449,1.954306
2.038673,2.056092,1.909355,2.176341,2.373382,1.669635,2.100501,2.068953
1.765515,2.134907,1.951696,2.129896,2.083350,2.372126,1.845147,2.073490
1.674491,1.716194,2.307805,1.995815,2.186706,1.787130,2.168540,1.950955
2.050496,1.593586,2.139814,1.852041,2.521337,1.695542,2.041400,1.959633
2.392106,2.422295,2.175234,2.238448,2.266837,1.859161,2.301517,1.899922
1.623431,2.464243,2.020261,1.759682,1.862750,2.400133,2.003788,2.292385
2.010539,2.209791,2.153058,1.898538,1.830003,1.874477,1.573081,1.664559
1.699202,2.024612,1.893031,1.937679,1.812067,1.847118,2.208174,1.961596
1.939232,2.020794,1.720517,1.806705,2.213968,1.927920,2.081901,2.017798
1.919487,1.895727,2.118725,2.290792,1.910170,2.194510,1.999464,2.211206
2.124166,1.790955,1.899450,1.925168,2.066451,1.867918,1.759053,1.745333
1.624716,2.188861,1.940754,2.013785,1.601845,2.042373,1.995864,2.006219
2.030016,1.958842,1.866035,2.015371,2.043060,2.168420,1.974251,2.105263
2.175271,2.035013,2.165143,1.827941,2.069823,1.836120,2.337203,1.768236
2.279467,2.137048,1.953953,1.989287,2.224549,2.434781,2.434902,2.037608
2.316892,1.986216,2.076036,2.144765,1.983046,1.674927,2.002014,2.142019
2.089865,1.609746,1.993078,1.815095,2.125477,1.931708,1.946272,2.099562
2.055776,1.888767,2.021894,1.707491,1.902262,1.866158,1.847335,1.759542
1.763176,2.286373,1.911240,2.528407,1.890080,2.223225,2.036928,1.861419
2.144618,2.145038,1.985332,2.046713,1.914046,2.050924,1.960244,2.439503
1.784472,1.943960,1.831249,2.105985,1.736597,1.950302,1.823791,2.235434
1.916637,2.161712,1.686003,2.113493,2.071900,1.797559,2.155530,1.759620
1.991391,2.071823,1.734978,1.664958,1.998605,2.247484,1.685803,2.198580
2.037437,2.162132,1.625163,1.910896,2.040865,1.990168,2.103677,1.934985
1.590452,2.022174,2.173353,1.968057,2.109812,1.978117,2.338749,2.115963
2.147693,1.828750,1.920179,1.553633,2.008523,2.079866,2.262792,1.973044
2.142834,1.619507,2.225448,2.159444,1.988251,2.060763,1.824305,1.772528
1.886080,2.296625,1.689237,1.489339,2.156252,2.273314,1.696476,2.192142
1.821106,2.182900,2.319895,1.357424,2.113918,2.115656,1.871811,2.158249
2.055155,1.982101,2.080631,2.076972,1.671118,1.973478,1.868515,2.220526
1.681343,1.910601,1.989906,2.121295,1.879634,2.195920,1.899035,2.227742
2.052776,1.889819,1.913796,2.254874,1.578624,1.950576,1.540708,2.249975
1.655881,1.938441,1.845833,2.166621,1.683532,2.205755,1.997897,2.370255
1.984470,2.010313,2.189775,2.067554,2.188902,1.859212,1.964802,2.063014
1.934041,1.582248,1.506034,1.846168,2.458310,1.831621,2.297964,2.067325
2.185704,2.049407,1.926721,1.888034,2.291608,2.186045,1.622410,1.865773
1.788751,1.716935,2.090448,2.381150,1.978513,2.036042,2.012631,1.922367
1.912389,2.146210,1.882017,2.149080,2.120486,2.153143,1.976465,2.287729
1.889400,2.107636,1.895080,1.852633,2.039332,2.188726,2.101084,1.899061
1.818430,2.399456,1.791465,1.713734,1.905063,2.086083,1.878368,1.946323
2.061085,2.004638,2.209469,1.891322,1.840148,1.786553,1.772141,2.090249
2.096615,1.962235,2.466314,2.204338,2.525230,2.058414,1.891248,1.956224
1.877265,2.089477,2.211835,1.873733,2.200907,1.974668,1.679224,1.811920
2.041969,1.723577,2.031315,2.535930,1.537467,2.196884,2.367591,2.227335
2.143343,1.934216,1.969555,1.666906,2.173860,1.762047,1.866410,2.195319
2.515923,2.200337,2.138819,2.227544,1.966144,2.129135,1.672999,1.945775
1.985986,2.158882,1.982124,1.692098,1.895257,2.321102,1.984911,1.884800
1.693706,2.149185,2.138936,2.088673,2.078234,2.030259,1.960962,1.759838
1.697756,2.019380,1.789142,1.898915,2.149756,2.419559,2.018604,2.193436
2.030077,2.022918,2.054922,1.826431,1.757910,1.965941,2.255769,2.195624
2.154809,1.761606,1.961138,1.585768,1.916697,1.839678,1.906945,1.843727
2.338307,2.117199,2.300819,2.058741,2.243935,1.819867,1.659635,1.937245
2.221531,2.031338,1.602969,1.880033,1.634385,1.911175,1.816195,2.341873
2.360093,1.938241,1.734487,1.908047,2.037032,2.021771,1.617533,1.527703
1.993314,2.130551,1.736259,1.969785,2.231727,1.672163,2.414107,2.066884
1.950963,1.734460,1.750581,2.032510,2.076656,1.624392,2.310458,1.793542
2.064887,1.715683,1.741740,2.081869,1.941873,2.068493,1.981847,1.837288
1.666852,1.811454,2.408434,2.023422,1.756540,1.644961,1.959750,2.285813
2.330094,1.631980,2.184558,2.255615,1.713442,2.285777,2.214488,2.159602
2.023209,1.870008,2.000394,1.946747,2.405017,1.955874,2.280005,2.413495
2.192521,2.204640,2.027581,1.289946,1.979068,2.028436,1.753629,2.051837
2.047846,1.954666,2.051219,1.782959,2.013513,1.870243,1.930620,2.210259
2.112440,1.704193,1.902804,2.013396,1.937318,2.052064,1.843215,2.119998
2.011681,2.028323,2.103632,1.840987,1.704403,2.051281,1.955183,1.978442
2.169971,2.338386,2.151143,2.141006,1.827040,2.196369,2.096717,1.529064
1.810314,2.203448,1.884321,2.187782,1.963534,2.015595,1.855275,1.813305
2.009791,1.989413,2.099802,2.160185,1.634193,2.110187,1.899281,1.848022
2.343054,1.995727,2.045724,2.155950,1.918144,2.046265,1.936836,2.115102
1.867633,1.722727,1.909186,1.821459,2.049831,2.232748,2.338866,2.202126
1.759491,2.630274,2.151891,2.175593,1.670902,2.037662,2.120501,1.596684
1.918238,2.173614,1.831293,2.093577,1.649426,1.791517,1.878407,2.232458
2.154102,1.998716,2.151943,1.690163,1.527671,1.804888,2.273944,1.891600
1.979934,1.881535,1.966463,2.517770,1.829534,2.100780,2.389104,2.207955
1.855176,1.936285,2.332986,1.631394,1.966203,1.713635,1.807693,1.854996
2.249840,1.923371,1.982299,1.839872,2.173051,2.042690,1.921098,1.983216
1.857283,2.005004,1.715661,2.010552,1.987173,1.643129,1.800365,1.966413
1.882914,2.086426,1.858134,2.040606,2.272206,1.653168,2.029756,1.829087
1.896140,1.895343,1.888697,1.958710,1.999513,2.245669,2.050394,1.983859
1.998575,1.788835,2.199277,2.236420,1.906789,2.156460,1.840175,2.248813
2.122901,1.830393,1.840516,1.573318,2.116818,2.304071,2.120100,2.112057
1.691635,1.827665,1.724608,1.694110,1.605507,1.952568,2.135680,1.863837
1.698050,2.057096,1.992753,2.020606,1.731138,2.040469,2.173912,2.246088
1.993143,2.354981,1.945928,1.917958,1.953902,2.234393,2.386780,1.890867
2.115694,2.100717,2.175707,1.960621,2.045040,1.947432,1.737416,2.127915
1.942655,2.090519,1.818119,1.950527,2.097778,1.697713,1.631033,2.249996
2.029705,2.112721,2.399652,2.376744,1.801793,1.750722,1.951528,2.240334
1.979627,1.798583,1.923617,1.769705,2.170742,1.937877,1.686155,2.318490
1.851879,1.744461,2.156431,2.100345,2.160503,1.818513,2.177369,1.881231
1.914646,2.134177,2.010629,1.845054,1.718462,2.139239,2.192657,2.049617
1.822494,2.022166,2.284413,1.866643,1.929402,2.431316,2.023804,2.431736
2.016079,1.758477,1.833143,2.098442,1.866461,2.169447,1.968326,1.526635
2.035232,2.003192,2.174125,1.880337,1.967980,1.925464,1.843391,1.945916
2.441890,1.809477,1.964180,1.803626,1.992763,2.025792,1.989280,2.129982
2.225808,1.820905,1.841392,2.078602,1.698620,1.913352,2.132585,1.961825
1.915877,2.089635,2.167024,2.318270,1.828249,1.961169,2.382976,2.309250
2.186985,1.947497,1.770238,1.796619,2.326426,1.707348,2.108257,1.883981
2.050606,1.589839,1.943874,1.909927,1.805612,2.016447,1.764974,1.930645
1.926170,1.895030,2.184930,1.831806,2.349958,2.067859,2.080097,1.997250
2.030534,2.146145,1.649275,2.133585,2.067343,2.106150,1.681036,2.352244
2.134929,1.893443,2.096105,1.835632,2.330731,2.061307,2.065683,1.723527
2.043608,2.203340,1.695509,1.890203,1.997739,2.277209,1.710749,1.914705
1.911569,1.832070,1.945944,1.975002,1.470563,1.958142,1.770008,1.782868
2.143214,2.076307,1.987143,1.988825,1.956686,2.108500,1.717493,2.097825
1.802716,2.144317,1.993028,1.959374,1.804778,1.710009,1.874181,1.632670
1.321587,2.025909,2.281852,1.703850,2.038864,2.318668,1.810198,2.110975
1.960888,2.041354,1.939845,2.022248,2.278704,2.051351,2.288309,2.403547
2.345704,1.939432,2.026574,2.215788,1.991591,2.063731,2.143579,2.370619
1.858590,1.938057,2.149340,1.761083,2.105647,2.177190,2.131567,1.902443
2.016246,1.971127,1.734333,2.125256,2.040957,2.054696,1.994681,2.080128
2.060707,2.011592,1.722846,2.100112,1.906797,2.250134,2.013471,2.074016
2.125272,1.872441,1.881500,2.064298,1.893852,2.271244,2.168070,2.125530
1.951759,1.878346,1.636198,2.096042,1.804090,2.058178,2.102167,1.997341
1.881473,2.394039,2.067342,1.791171,1.916350,1.775834,2.270611,2.168933
2.010368,2.194542,2.072731,2.023158,1.781219,1.864764,1.835031,2.025816
1.635933,2.000843,2.206771,2.038889,1.973189,2.377781,2.000995,1.830506
2.129845,1.926213,1.627966,1.900409,1.815076,1.887453,2.036924,1.933709
1.888025,2.094378,2.212413,2.183160,2.223556,2.088874,2.275544,1.764037
1.907647,2.129067,1.951287,1.999285,2.162578,2.256376,2.183759,1.932614
2.035185,2.124571,2.203505,2.350402,2.146556,1.997700,1.650308,1.799075
1.912617,1.843499,1.819336,1.827078,1.794260,1.841088,2.237883,2.010490
2.110964,1.840266,2.015081,1.705001,2.073120,2.268965,2.036339,1.835675
1.703139,2.043734,2.278614,2.215633,1.687409,2.228493,2.107451,1.979394
1.784772,2.120827,2.046802,2.175295,2.031997,2.059615,2.012737,1.747795
2.040323,1.974041,1.803573,2.128784,1.879173,1.828831,1.838392,1.704724
2.071564,2.411859,2.220891,2.141667,2.276848,2.172245,2.056950,2.014614
1.532770,1.644894,1.755032,2.246714,2.045336,1.879116,1.573388,2.042178
1.783356,2.106265,2.043693,2.070792,2.251187,1.989227,2.484267,2.021065
1.756306,1.874782,2.299689,1.672439,1.964556,2.400888,1.830123,1.982233
1.715995,1.826967,1.964501,2.140274,2.027578,2.214691,2.261876,2.017772
2.157653,1.965899,2.321757,1.793439,1.987416,1.887805,2.272920,2.000470
2.151585,2.433843,2.212492,2.076866,1.805281,2.037430,1.853468,1.896232
1.871286,1.917050,1.955478,1.997887,2.021431,1.808970,2.256875,2.044194
1.882119,1.884285,2.233837,2.386315,2.522579,2.113834,1.972725,1.903360
2.078111,2.062198,1.898267,1.795511,2.093806,1.828802,1.516367,1.589435
1.791116,2.398666,2.273913,2.033727,1.855197,2.069569,1.659043,2.010161
1.652981,2.161862,2.177491,2.380591,1.739776,1.986829,1.856756,2.023468
1.848524,1.975838,2.009952,2.144965,1.923401,2.096948,1.881201,2.064983
1.749594,2.214166,2.212175,1.765887,2.206988,2.055278,1.880472,1.735116
2.276771,1.931845,1.655683,1.781690,2.078079,1.762103,1.840424,1.776383
2.066427,2.306808,2.284630,2.193946,1.984066,1.979859,1.858735,2.177959
1.814726,2.372611,1.865697,2.088794,2.030085,2.035486,2.302769,2.048351
1.904242,1.954526,2.064634,2.351287,2.032870,1.987740,2.048164,1.823539
2.022524,2.042483,1.426874,2.146826,1.745412,1.944476,2.035801,2.082606
1.891498,1.973257,2.327489,1.804847,1.408640,2.151467,1.921920,2.061758
1.965810,2.362949,2.260875,1.794942,1.837247,2.199619,2.179825,1.777400
1.455565,1.724529,2.118693,2.081350,1.750308,1.928027,1.812697,2.013746
2.244070,1.950721,2.187282,1.810629,2.134121,2.146230,1.765559,1.757485
1.617928,2.091289,2.037247,2.125215,2.036307,1.951142,2.053216,2.159267
2.051636,2.034131,2.161011,1.615825,2.357427,1.639543,2.319492,1.413434
1.762272,2.159976,1.869324,2.069093,1.836810,1.831180,1.807709,1.967322
1.974198,2.164162,2.267246,1.995421,1.886527,1.898507,2.367931,1.838604
1.761642,2.106090,1.883334,1.676274,1.925909,1.745669,2.211297,2.375907
2.313485,2.052176,1.992689,2.057329,1.963450,2.080536,2.150212,2.081423
1.780006,1.985347,2.252877,1.982161,2.045448,1.776528,2.003608,2.036664
1.821871,1.777307,1.811701,1.772240,1.658620,1.973930,2.000868,1.969122
2.323309,2.031522,2.003290,2.110125,2.144904,2.010977,1.922944,2.211794
2.004935,2.136464,2.221882,2.268667,2.080394,1.791716,2.346405,1.892350
1.818527,1.999593,2.090433,1.882764,1.817109,2.501984,1.797551,1.973652
1.885149,1.841874,2.145783,2.040106,2.071595,2.062451,2.118650,1.940439
1.729874,1.980327,1.799061,2.361650,2.102473,2.094748,2.072094,1.833340
1.952723,1.802047,1.920191,2.167858,1.826172,1.870269,1.767530,2.130714
1.802694,2.154255,2.144102,1.855572,2.035075,2.109868,2.195351,1.955956
1.988552,1.726150,1.979133,1.767075,2.123011,2.310625,2.024509,2.034019
1.973866,2.038225,1.791204,1.990645,2.190981,2.094896,2.067919,2.076760
1.919262,1.948089,2.315852,2.519794,2.128044,1.996548,1.860966,2.066118
2.150675,1.938845,1.857117,1.887101,1.946090,2.116970,1.935488,1.979366
1.947009,2.087557,1.836361,2.397710,1.816977,2.007644,2.032150,1.963838
1.807857,2.155943,2.243902,2.381021,2.127078,2.151270,1.968521,1.980050
2.049941,1.709536,2.141209,2.073341,2.352218,2.077389,2.150342,2.083791
1.980551,2.123575,2.057318,1.422387,1.965235,1.923379,2.086025,1.793656
1.865482,2.130084,1.902284,2.047029,1.935013,1.854334,1.622045,1.649154
1.864685,2.083097,1.930151,2.374464,1.971064,1.932739,1.815598,2.243259
2.051657,2.427838,2.045106,2.371586,2.199234,2.042008,2.134312,1.653406
2.588465,1.829538,2.177620,1.920747,2.167833,2.238337,2.169869,1.719829
1.691267,2.207869,1.961079,1.570937,1.988551,2.223437,2.004506,2.324804
2.107976,1.814399,2.049663,2.240830,2.232560,1.780528,2.094085,2.181651
2.167102,1.866149,1.924270,1.892517,2.043415,1.881460,1.721008,2.115811
2.077751,2.044718,2.013700,2.297365,1.737761,2.150470,2.252386,1.751799
2.071604,2.107803,1.785363,1.955132,2.161992,2.085045,1.872283,1.768261
2.312573,1.873939,1.842627,1.958482,2.278510,2.274379,1.886122,1.993556
1.776905,2.130169,1.732787,1.758837,2.007151,2.094083,1.943075,2.119229
1.895235,2.061864,2.089466,1.920931,1.661985,1.635058,2.173263,1.932955
1.559093,2.084672,2.023149,2.017612,2.020397,2.087989,2.011654,2.267554
1.875297,2.045071,1.649697,1.829577,1.637172,1.929458,1.772062,1.984441
2.473325,2.033941,2.361110,1.701049,2.213352,2.018796,2.506441,1.818199
1.576765,2.129389,1.925939,2.004903,1.906404,1.822256,1.971918,1.919287
2.076419,2.267132,1.652159,2.018369,2.305039,1.641664,2.138578,2.045365
2.302364,1.826864,2.445270,1.809542,2.136941,2.228073,1.865067,2.009435
2.357589,1.848533,2.128350,2.080899,1.998029,1.950369,2.183672,1.970142
1.831058,2.147070,2.140522,1.601940,1.746527,1.537919,1.975656,2.119934
2.009817,1.827378,1.887543,1.630668,2.151535,2.013062,1.963669,2.079313
2.272612,2.002149,2.141329,2.570682,2.146846,1.976091,2.116758,2.105088
1.900705,1.561900,1.949687,2.113223,1.848951,2.106645,2.102575,1.834365
1.906384,1.874286,2.072579,1.970768,1.947913,1.916150,1.833742,2.186201
1.816280,2.151636,1.789395,2.050022,1.867273,2.314703,1.907528,2.031003
2.286775,1.859066,1.927480,1.752348,2.186281,2.297083,2.197902,1.997735
2.068086,2.150101,1.795780,2.040470,2.124196,2.090665,2.071110,1.501072
2.004020,1.875426,2.326865,2.046427,2.162356,2.363773,2.126853,1.859726
2.041483,2.010683,2.150482,2.183401,2.060676,2.185817,1.940336,1.832392
2.412180,2.047443,1.727435,2.280203,1.784724,2.307953,2.131309,1.913084
1.714559,2.011961,2.060323,2.007505,1.922183,1.810616,2.113998,1.846074
2.032245,1.812517,1.843457,2.071543,2.254924,1.980498,2.111598,1.944307
2.374267,1.823002,2.097691,1.972943,1.888799,2.067627,1.862783,2.004005
1.675528,2.032474,2.092845,1.664619,1.692372,2.033345,2.121130,2.065300
1.881657,2.128002,1.567468,1.859764,2.029155,1.971786,2.017656,1.997447
1.927363,2.026881,1.782751,2.065848,2.255113,1.790199,1.983226,1.649511