0.719433,0.855970,1.005664,0.882195,0.995433,0.980109,1.019629,0.941171
0.944420,0.959652,0.853752,0.969291,0.729585,0.620097,0.886527,0.916975
0.917720,0.996399,1.010531,0.883518,0.874666,1.001557,0.917431,0.955035
0.875450,0.817558,0.749032,1.045840,0.779240,1.047341,0.877040,0.912336
0.905780,0.733379,0.999704,0.965034,1.007012,0.819531,0.976697,0.856893
0.797649,0.972327,0.872775,0.891814,1.011409,0.839703,0.940306,0.980914
0.998088,0.776918,1.017975,0.884963,0.837554,1.046165,0.803907,0.859196
1.051483,0.987197,0.918893,0.869907,0.987145,0.981370,0.999574,0.887292
0.955683,0.875051,0.975554,0.616694,0.916203,0.892669,1.026425,0.956645
0.900080,0.958936,0.886818,0.947447,1.030176,0.843109,0.820093,1.035861
0.767483,1.016551,0.912331,0.899565,0.953320,0.911764,0.973436,1.066698
0.839042,0.876496,0.886650,0.976010,0.775130,0.894757,0.931358,0.855030
0.913205,0.802500,0.821114,1.006475,0.997411,0.700432,1.020223,0.965067
0.990705,0.998989,0.876585,1.004723,1.096408,1.048180,0.855386,0.763391
0.968875,0.806308,1.086932,0.736778,0.850403,0.931875,0.682987,0.874738
0.825357,0.960228,1.037384,0.919234,0.978334,0.907456,0.912289,0.846202
0.923595,0.903630,0.975492,0.864446,0.966541,0.962758,0.765968,0.865259
0.774960,0.904016,0.892794,0.776775,0.924239,0.773766,0.801317,1.056681
0.951960,0.782624,0.778423,0.846802,0.904340,1.043812,0.899282,0.865897
0.744806,1.042563,0.875778,0.960128,1.011710,0.957857,0.954628,0.936185
0.839807,0.919618,0.850713,0.967224,0.797163,0.948608,1.031671,0.970198
1.122870,0.972523,0.945278,0.925683,0.905841,0.804894,0.783552,0.942143
0.697872,0.883317,0.859418,0.773173,1.032329,0.888589,0.869345,0.900408
0.877513,0.815620,0.863697,0.913677,0.836417,0.946883,0.873856,0.925138
1.075492,0.813947,0.986793,0.944730,0.974241,0.921232,0.669877,0.871629
1.186309,0.833638,0.933855,0.979483,0.837414,0.810597,0.897472,0.861938
0.730850,0.872845,0.946233,0.914994,0.967113,0.977061,0.807506,0.949221
0.937708,1.008898,0.722266,0.842828,0.942677,1.031416,0.803669,1.069256
0.785492,1.072751,0.932093,0.851688,0.896266,0.907764,0.979316,0.725457
1.083588,1.012713,0.962491,1.071137,0.987589,0.831461,0.833395,0.875307
0.742086,0.872403,0.900998,0.864243,0.826242,1.040879,0.918351,0.812398
0.693047,0.829239,0.851842,0.877902,0.904222,0.861849,0.826215,1.023151
0.877707,0.978253,0.894882,0.945585,0.891404,0.980987,0.929567,0.953894
0.838053,0.982338,1.035457,0.854840,0.860893,0.880503,0.892576,0.969953
1.173350,0.919226,0.970994,1.114706,0.910116,1.001224,0.938918,1.042785
0.617854,1.073453,0.705627,0.732153,0.907371,0.967228,0.882766,0.796992
0.942993,0.926184,0.917501,0.867722,0.969993,0.852334,0.793532,0.894238
0.788832,0.955929,1.045830,0.926984,1.057149,0.990687,0.857721,0.992097
0.965583,0.822343,0.877726,0.960384,0.976019,0.776969,0.955865,0.918046
0.975781,1.052563,0.957477,0.923827,0.943990,0.819314,0.962411,0.916954
0.872155,0.864390,0.857338,0.931319,0.686251,0.986863,0.871205,1.008536
0.928305,0.822475,0.961019,0.811403,0.907389,0.767511,0.709319,0.869656
0.903244,0.800862,0.745604,0.901187,1.036709,0.795962,0.901699,0.939301
0.945083,0.985534,0.806232,0.763094,0.709772,0.859161,0.813465,1.015471
0.978740,0.808357,0.949981,0.931552,0.904272,1.051283,1.026261,1.039438
1.013570,0.960052,0.926945,0.923297,1.054877,0.866663,0.976656,0.960089
0.940777,0.682575,0.996286,1.044011,1.003953,0.958420,0.818632,0.661229
0.907130,0.987409,0.919999,0.960773,0.983935,0.963293,0.905416,0.698363
0.771355,0.941323,1.037608,0.926590,1.020405,0.859018,1.022400,0.814827
0.881957,0.874023,0.845470,0.728983,0.702731,0.721939,1.043170,0.866001
0.931941,0.950727,0.863414,1.079888,0.908562,0.915619,0.963973,0.840247
0.990798,0.867305,0.908718,0.731277,0.851686,0.792799,0.707498,0.785608
0.858090,0.828189,0.949489,0.959289,0.949803,1.005536,0.837471,0.863912
0.860578,0.815095,0.764681,0.718605,0.786527,0.689308,0.872171,0.772636
1.080385,0.855165,0.725793,1.018802,0.824693,0.899037,0.935314,0.875332
0.965255,0.915907,1.055594,0.915700,0.848119,1.035969,0.886823,0.934015
0.984869,1.045809,0.927409,0.933848,0.850043,0.989646,0.863530,0.828438
0.952792,0.849692,0.962495,0.818986,0.944889,0.761742,0.798471,0.688730
0.823953,0.904741,0.807143,0.906912,0.732027,0.854034,0.901238,0.994873
0.891635,0.715719,0.982157,1.050647,0.939502,0.918701,0.846412,0.967243
0.952392,0.900316,0.788053,0.787898,0.879359,0.919499,0.913236,1.024762
0.799374,0.760304,0.780761,0.887821,0.816320,0.774545,1.065487,0.850359
0.869446,0.756785,0.977352,0.689945,0.874553,0.825404,0.913143,0.886537
0.903118,0.867439,0.799321,0.901339,0.922340,0.945796,0.931791,0.964686
0.812408,0.959272,1.007076,0.935968,0.967282,0.985654,1.009747,0.991117
0.923944,0.968151,0.835721,0.918934,0.915152,0.784237,0.871930,0.981491
1.053148,0.704189,0.996427,0.926391,0.917865,0.826348,0.748016,1.020988
0.832712,0.911538,1.091672,0.905195,0.786671,0.796605,0.942167,0.773951
0.746547,1.048021,1.208450,0.791380,0.787207,1.001814,0.799174,0.834066
0.995216,0.950197,0.869618,1.007007,0.837092,0.773173,0.645271,0.814079
0.892724,0.686048,0.941052,0.856917,0.881686,0.946930,0.912487,1.017556
0.829506,0.859810,0.666710,0.874721,0.992125,1.052637,0.962020,0.860175
1.036098,0.791520,0.956565,0.961630,0.786724,1.055845,0.945084,0.613608
0.966964,0.964869,0.853191,0.905126,0.932125,0.769355,0.943072,0.941903
0.924336,0.772959,0.853051,0.726903,1.071712,0.806408,0.878770,0.770397
0.866865,1.010859,0.982239,0.907098,0.820891,1.027711,0.727921,0.829417
0.790723,0.916305,0.850274,0.875730,0.867599,1.006622,0.883807,0.802654
0.903423,0.746796,0.718916,0.930285,0.993239,0.793846,1.008563,0.853561
0.980313,0.962787,1.041414,0.651347,0.814215,0.976404,1.010397,0.685364
0.871034,0.840832,0.870071,0.860336,1.029485,0.874122,0.818420,1.016190
0.935199,0.825045,0.826214,0.809989,0.827532,0.849284,0.875238,0.954405
0.938391,0.862615,0.948244,1.009604,1.063542,0.882604,0.929524,0.798475
0.708187,0.825077,0.828422,0.869999,0.700493,0.988173,0.790893,0.927153
0.832577,0.923099,0.794739,1.038264,0.889996,0.796401,0.837225,0.842289
0.782019,0.876969,0.659232,0.979623,1.001716,0.848865,0.862269,1.088630
0.903685,0.914555,0.978451,0.954958,0.853441,0.938060,0.899883,0.926325
0.947602,1.054143,0.884149,0.914084,0.893115,0.801028,0.888958,1.026731
1.016239,0.856467,0.914234,0.810335,0.934467,0.693818,1.051436,1.011257
0.830804,0.908695,0.977793,0.632847,0.947006,0.914298,1.009783,0.796399
0.960167,0.825220,0.801880,0.853058,0.998239,0.904945,0.834863,0.998616
0.963211,0.835589,0.951388,0.971637,0.848891,0.918460,0.911616,0.744673
1.010572,0.836225,0.910034,0.760021,0.903740,1.011830,0.732949,0.919850
0.836910,0.869050,0.730568,1.031996,0.966867,0.896141,1.003462,1.099139
0.981857,0.788028,0.968156,0.747724,1.036043,0.873143,1.018044,0.971165
0.856404,1.028707,0.946661,1.011957,0.926351,0.728907,0.924958,0.831265
0.899742,0.948898,1.116437,0.992472,0.904641,0.893457,0.791684,0.894092
0.764026,0.796906,0.810891,1.070550,0.946142,0.796796,0.771288,0.795978
1.038383,0.968249,0.945390,0.846892,0.860513,0.943108,1.045535,0.835535
0.940579,0.888510,0.882391,1.007088,0.884455,0.894422,1.095434,0.845294
1.063361,0.920367,0.810722,0.902492,0.718089,0.925058,0.798594,0.944786
0.891152,0.862527,0.784309,0.848918,0.729128,0.791076,0.924216,0.852158
1.097083,0.696426,0.796154,0.916929,0.883842,0.942291,1.030275,0.846825
0.826035,0.783417,0.976278,0.924753,0.858921,0.970861,0.870096,0.683073
0.960171,0.742551,0.809949,0.883411,0.906918,0.688236,0.961897,0.750084
0.973564,0.873844,0.727167,0.709717,0.841266,0.967422,0.881018,0.786446
0.867517,0.780535,0.997626,0.771769,0.746123,0.910230,0.917736,0.934309
0.968112,0.727350,0.826431,0.917959,1.107295,0.970804,0.857112,0.799751
1.014021,0.900604,1.056364,1.057581,0.739617,0.759086,0.968173,1.011066
0.925139,0.878262,0.900284,0.802416,0.861841,0.805140,0.778174,1.013581
0.858512,0.917681,0.852402,0.762359,0.830228,0.882895,0.996373,0.906556
0.833068,0.844576,0.688381,0.928238,0.952034,0.886585,1.107060,0.733381
0.780737,0.900968,0.810639,0.823844,0.856762,0.780739,0.911845,1.010410
0.708744,0.791806,0.853871,0.924225,0.787405,0.832757,0.964609,0.914775
1.124830,0.773415,0.887598,0.891936,0.946475,0.897221,0.833946,0.875407
0.946325,0.946864,0.831999,0.685629,0.943009,0.886433,0.937002,0.641007
0.957257,0.966877,0.818041,0.800485,0.990781,1.052707,0.929096,0.817674
0.926235,0.887698,0.975714,0.943828,0.708142,0.853886,0.780994,0.913392
0.760247,0.998188,0.916295,0.971911,0.890337,0.826471,0.908721,1.011908
0.867291,1.072912,0.836202,0.852332,1.098217,0.898155,1.208856,0.702518
0.976265,0.836205,0.827655,0.924635,0.812886,0.956231,0.775880,0.979106
0.985999,0.933854,0.919201,0.924945,0.796147,0.882761,0.863552,0.809844
0.688093,0.699660,0.994556,0.989382,1.028660,0.828035,0.778857,0.788610
0.947276,0.811513,1.118565,0.922086,1.076301,0.925187,0.916866,1.016892
0.981400,0.933798,0.905231,0.757728,0.763000,0.802967,1.054166,0.697875
0.953189,0.754833,0.845852,0.903648,0.884885,1.017625,0.884559,0.778770
0.879201,0.900103,0.783883,0.816127,0.803350,1.033362,0.872819,0.922241
1.092407,0.841703,0.803735,0.932079,0.921069,0.842184,0.879652,0.937410
0.650495,0.729488,0.874097,0.852030,0.921243,0.969638,0.960893,0.877498
0.745704,0.791085,0.921721,0.818555,0.955908,0.843989,0.756353,0.938413
0.941478,0.963768,1.179702,0.866769,0.844637,0.886495,1.073557,0.801721
0.889600,1.014502,0.909843,0.911624,0.999503,0.715502,0.795455,0.949326
0.867236,0.845540,0.824606,0.881935,1.175888,0.902054,0.847014,0.854783
1.081216,0.882442,0.912177,0.893235,1.148431,0.877119,0.799991,0.902028
0.957985,0.843819,0.764749,0.836009,0.754134,0.889083,0.889124,0.943544
0.991345,0.877169,0.769093,0.858224,0.929279,0.959742,1.090547,1.060500
0.907362,0.897880,0.717062,0.992409,0.965230,0.964597,0.835956,1.084356
0.869512,0.805534,0.817019,0.931028,0.762926,1.016689,0.857154,0.931567
1.019538,0.922739,0.812082,0.787593,0.996333,0.887018,1.147415,0.837968
0.786885,0.902226,0.921848,0.855136,0.824424,0.948271,0.959830,1.227793
1.075927,1.021117,0.942512,0.901973,0.935882,0.910188,1.082242,1.093422
0.997211,1.077291,0.857069,1.137363,0.850138,0.888522,0.908790,0.975950
0.982955,1.020385,0.773872,0.992973,0.897510,0.857810,0.872298,0.658284
0.942328,1.064960,0.725962,0.952106,0.931079,0.774645,0.689249,0.784783
0.838101,0.934515,0.870104,1.050003,1.044038,0.880805,0.951618,0.869150
0.874121,0.834459,0.875952,0.984923,1.013814,0.823584,0.944028,0.870697
1.045395,1.019399,0.885868,0.847066,0.835374,1.039810,0.783183,0.748832
1.112842,0.845778,1.028061,0.835430,0.953221,0.892664,0.841437,1.010075
0.949390,1.015524,0.888312,0.810431,0.838842,0.944551,0.942553,1.023810
0.880987,0.820322,0.893041,0.854842,1.022317,0.965366,0.888316,0.787969
0.932584,0.968323,0.900659,1.020082,0.829809,0.866288,1.132190,0.997052
0.774729,0.744557,0.865822,0.848095,0.952145,0.979375,0.979983,0.940536
0.923561,1.011417,0.931335,0.904035,0.837100,0.715601,0.898912,0.863620
0.931151,0.910607,0.994083,1.093011,0.887217,0.814474,0.692775,0.932354
1.010807,0.834713,0.922371,0.990184,1.010990,0.802625,0.708825,0.920495
0.723144,0.740656,0.941253,0.929921,1.032755,0.963216,1.145591,0.951411
0.865869,1.005129,0.826098,1.105338,0.787904,0.877441,0.932282,0.980507
0.790253,1.007903,0.890171,1.052559,1.011427,0.823577,1.056779,0.834229
0.750552,0.921660,0.979775,0.791439,0.885127,0.837044,0.923112,0.869524
0.889347,0.887684,0.804816,0.831300,0.928307,0.934112,0.896434,0.929403
0.807450,0.856510,0.962718,0.964565,0.928419,1.081108,0.916654,0.828782
0.941806,1.012063,0.779572,0.919975,0.889476,0.912940,0.945629,0.918634
0.801880,0.983430,1.038574,0.729321,0.921446,0.820404,1.058333,0.900424
0.837722,0.624250,1.038652,1.114523,0.966250,0.880267,0.979614,0.811261
0.776581,0.873663,1.015148,0.799090,0.904506,0.987627,0.877997,0.883912
0.969668,0.959946,1.007437,0.858800,0.952675,0.941450,0.703989,0.991796
0.591009,0.920115,0.888615,0.856981,0.959363,1.012553,0.991257,0.906479
0.881443,0.999321,1.051095,0.934452,0.958784,0.743003,0.782179,0.604638
0.960654,0.964826,0.873629,0.880661,0.852546,0.873156,1.129363,0.943818
0.750898,0.982558,1.024545,1.009239,0.798312,0.978599,0.974748,0.870582
0.878261,1.025213,0.875848,1.064272,0.931251,0.895667,1.098820,0.721361
0.776304,1.069470,1.080472,0.809803,0.901683,0.824043,0.836994,1.009401
0.882307,0.953353,0.756149,0.771614,0.857598,0.814511,0.746047,1.031107
0.910967,1.058309,0.931550,0.825926,0.707122,0.643818,0.928191,0.961988
0.931081,1.004161,0.853483,0.914744,0.678308,1.005113,1.096102,0.945097
0.753292,0.912603,0.980642,0.870858,0.967015,0.955587,0.932696,0.842294
1.067613,0.904695,0.790667,0.973564,0.810240,1.058381,0.921882,0.674563
0.912755,1.022482,0.837562,0.830788,0.846458,0.963304,0.755956,0.898871
0.885922,0.920849,1.031994,1.073634,0.811301,0.918405,0.899667,0.901164
0.924902,0.842073,0.766507,0.970281,0.797881,1.054712,0.821480,0.803848
0.815191,0.906073,0.927178,0.823742,0.911405,0.923088,0.959773,1.005172
0.900549,0.832867,0.796907,1.033219,0.771923,0.950161,0.776328,0.868373
0.917511,1.078881,0.983499,0.835613,0.844283,0.859893,0.869973,0.983721
0.795811,0.994655,0.950945,0.882820,0.863462,0.964301,1.008131,0.818729
1.011608,0.837513,0.860320,1.057269,0.875387,0.757519,0.917867,1.009105
0.922614,0.903818,0.846342,0.797805,0.755767,0.714836,0.932661,0.857199
1.030970,1.068700,0.826956,0.982792,1.002126,1.006485,0.948060,0.978053
0.862842,0.856163,0.833311,0.911444,0.803605,0.879446,1.046906,1.008995
0.885732,0.870707,0.791612,0.843270,0.998431,0.926451,1.081973,0.732548
0.886433,0.977541,0.946720,1.026925,0.786841,0.918279,0.941576,0.760347
0.821060,0.975578,0.859152,0.816403,1.066699,0.870853,1.101931,0.829921
0.784091,0.830168,0.790094,0.920088,0.885521,0.858910,0.803983,0.941087
0.921236,0.819758,0.970728,0.860840,0.851285,0.745622,0.996987,1.055534
0.993468,0.759911,0.864117,0.824599,0.729130,0.838177,0.744857,0.796741
0.873401,0.946388,0.850417,1.056943,1.077597,0.962809,0.754012,0.812791
0.900091,0.912357,0.740140,0.927330,0.736910,0.900098,0.863303,0.744862
0.909202,0.843590,1.019608,0.898995,0.938025,0.937980,0.992033,0.940632
0.961682,0.942041,0.927631,0.969670,0.986367,0.899594,1.038111,1.015076
1.080692,0.841555,0.884663,1.017192,0.943887,1.028132,0.846387,0.914481
0.873942,0.886583,0.901842,0.984281,0.923485,0.966689,0.895987,0.991114
0.880757,0.973194,1.006790,0.813128,0.821983,0.891269,0.902055,0.817318
0.904647,0.842188,0.800155,0.749281,0.942337,0.917421,1.010857,0.854847
0.943526,0.885436,0.829443,0.883168,0.975427,0.939906,0.710460,0.807801
1.037917,1.004313,0.932865,0.866089,0.911583,0.792037,1.007214,1.088699
0.962573,0.907350,0.856587,0.937815,0.990601,0.833272,1.003674,0.770284
0.969208,0.829107,1.041702,0.932207,0.850621,0.873523,0.836850,0.881566
0.849239,0.966085,0.931940,0.719003,0.907716,0.748075,0.807090,1.013155
0.852408,0.889064,1.015677,1.015636,0.819500,0.950741,0.779087,0.762125
0.826079,0.756397,0.953047,0.876482,0.773569,0.847475,1.000442,0.843321
0.760837,0.835855,1.027698,0.871244,0.611773,0.807585,0.981353,0.903884
0.980797,0.757008,1.016536,0.895549,1.052994,0.880802,0.761056,0.824568
0.976136,0.764253,1.097577,0.904842,0.826734,0.759855,1.000455,0.862123
0.928904,0.843612,0.897192,0.908961,0.684223,0.966043,0.992190,0.925183
1.060686,0.743980,1.077781,0.976753,1.028826,0.989301,0.888187,0.881501
0.972846,0.840016,0.689951,0.938179,0.770744,0.982287,0.715292,0.986170
0.873995,0.978788,1.132965,0.926942,1.093077,0.944698,0.912182,0.949962
0.990467,0.937372,0.831195,0.781582,0.974754,1.254098,0.912985,0.927987
0.881010,0.921994,0.897512,0.849714,0.917355,0.859327,0.923072,0.717769
0.922672,0.854158,0.801935,0.870036,0.881071,0.805735,0.877666,0.837761
0.779205,1.018756,0.946067,0.789263,0.953766,0.999816,0.971099,0.876558
0.931304,0.866914,0.887031,0.874211,0.886226,0.860770,0.998905,0.953032
1.001481,0.885960,0.965990,0.806107,0.817258,0.975304,0.924359,1.024594
0.909823,0.955982,0.885888,0.773390,0.745355,0.945290,0.790885,0.784412
0.692800,0.886332,0.931106,1.041058,0.861872,0.906636,0.869523,0.804073
0.949553,0.831631,0.961756,0.924696,0.838643,0.724098,0.914389,0.797333
0.901412,0.816255,1.179267,0.799516,1.049258,0.826754,0.852654,1.034637
0.880872,0.938955,0.754136,0.972593,0.902482,0.705578,0.906360,0.986744
0.693619,0.791289,0.883774,0.811993,0.766995,0.855688,0.775516,0.914306
0.919841,1.031069,0.864987,0.846983,1.054954,0.775686,0.925156,1.053822
0.974347,0.656379,0.708675,0.781868,1.026616,1.008310,1.011232,0.879038
0.896595,0.927780,1.066175,0.854546,1.054642,0.884456,0.931550,0.891121
0.838087,0.945954,0.984969,1.096757,0.884317,0.807119,0.996672,0.791234
0.898618,0.853615,0.828113,0.848969,0.834811,0.935886,0.898885,1.082837
0.918080,0.996477,0.905202,1.062414,0.875966,0.938839,0.783584,0.912302
0.921473,0.866475,0.868239,0.661452,0.872172,1.028359,1.195636,0.894663
0.963232,0.962609,0.904336,0.946469,0.853192,0.912799,0.989014,0.823910
1.036261,1.090259,0.780989,0.822031,0.917904,0.946642,0.727541,0.832356
0.977727,1.026648,0.817111,0.949682,0.974630,0.932169,0.954788,0.770200
0.812338,0.854512,0.837141,0.791830,0.815740,1.118739,0.859627,0.989028
0.870667,0.867279,0.707640,0.974423,1.111269,0.859226,0.905476,0.864761
0.893865,0.837176,0.924070,0.900452,0.896815,0.907823,0.977491,0.928570
0.886987,1.009752,1.019919,0.799498,0.935338,0.941598,1.059187,0.879115
0.681060,0.879323,0.978722,0.852052,0.910613,0.746248,1.009413,1.036031
0.967078,0.913229,0.964716,1.092046,0.842697,0.829579,0.880042,0.938296
0.825014,0.771010,0.891417,0.821687,0.766909,1.070278,0.949151,0.921220
0.861017,0.792981,0.772871,0.874765,1.076001,0.877642,0.871147,0.915457
0.828478,0.808443,0.912063,0.901537,0.851363,0.860996,0.951430,0.786096
1.032017,0.807296,0.918947,0.912212,0.733329,0.849709,0.798495,1.043081
0.878156,0.893720,0.977535,0.802935,0.899846,0.808136,0.846947,0.833110
0.926225,0.902168,0.989930,0.839755,0.694118,0.844616,0.806279,0.717214
0.795646,0.689009,0.656426,0.827801,0.889888,0.770627,0.920887,1.043394
0.936102,0.848894,0.815564,0.922895,1.119254,1.098005,0.826362,1.034766
1.128462,0.862561,0.886990,0.846907,0.816078,1.029524,1.046992,0.904545
1.143188,0.997075,0.945136,0.945448,0.869075,0.922080,1.018345,0.985078
0.929243,0.811694,0.686860,0.812200,0.782959,1.072677,0.819969,0.798363
0.966636,1.064997,0.823743,0.783486,1.025770,0.848702,1.012753,0.814683
0.799667,0.776495,0.932428,0.860310,0.909809,0.799933,0.986941,0.994308
0.896395,0.990682,0.755539,0.868997,0.803991,0.814529,0.751617,0.846149
0.937340,0.869366,0.852719,0.909671,0.926178,0.976306,0.759259,0.733281
0.738526,1.025742,0.974348,0.754604,0.856463,0.734739,0.987120,1.016914
0.629446,1.049972,0.943868,0.724243,0.720826,0.875188,0.892075,0.870020
0.848951,0.980040,0.887809,0.926406,0.845708,0.963316,1.115620,0.981546
0.923628,1.075510,0.912920,1.062698,0.961855,1.052144,0.788067,0.894726
0.838679,0.978628,0.860944,0.906304,1.106059,0.864165,0.804921,1.087139
1.191821,0.672906,0.893106,0.803424,0.962051,1.139203,1.116608,0.932854
0.809749,0.866147,0.816239,0.897307,0.811708,0.876553,0.936635,0.959142
0.824869,0.916025,0.980407,0.889858,0.996375,0.966797,0.886628,0.805418
0.841372,0.953508,0.773314,0.892531,0.875057,0.882079,1.076390,0.953564
0.955892,1.023961,0.714596,0.815289,0.908533,0.871220,0.890263,0.836806
0.908306,0.935871,1.019266,1.072386,0.861969,0.747944,0.964818,0.825806
0.808790,0.847343,0.972882,0.970537,0.936792,0.860234,0.891257,0.971667
0.823361,0.932938,0.879474,0.875517,0.830384,0.812976,0.923640,0.862525
0.799624,0.907509,0.841338,1.035137,1.001738,0.974706,0.948462,0.842888
0.849793,0.816272,0.957867,1.033552,0.828463,0.816077,0.947367,1.085271
1.003731,0.981950,0.781321,1.032424,1.017563,0.893595,0.843507,1.012914
0.890424,0.961087,0.825367,0.999370,0.921896,0.674289,0.972861,0.784606
0.901062,1.029137,0.875641,0.866949,0.924883,0.912955,0.873013,1.051607
0.949887,0.822058,0.986409,0.904841,1.197686,0.959470,0.711336,1.020933
0.924547,0.867223,0.930973,0.911735,0.843485,0.707243,0.972740,0.701396
1.000596,0.970486,1.087241,0.768844,0.824707,0.924541,0.751212,0.895749
0.887644,0.813744,0.970666,0.906162,1.006733,0.873777,0.785171,1.050792
0.948392,0.916391,0.990960,0.769782,0.764821,0.551285,0.715498,0.745822
0.926321,0.961693,0.805800,1.069661,1.115878,0.929042,1.053505,0.844579
0.964435,0.811841,0.802469,0.885013,0.956331,0.829992,0.614601,1.119834
0.887358,0.882168,1.025071,0.849919,1.012557,0.749687,0.849160,0.932639
0.954219,0.882487,0.938350,0.752948,0.759133,0.983176,1.021602,0.823514
0.891136,0.840816,0.809240,0.917543,0.881906,0.970956,0.972217,0.910627
0.935282,0.830802,1.073702,0.980775,0.920607,0.953395,0.868816,0.790167
0.877313,0.992427,0.936475,0.661361,0.846739,0.838282,0.852539,0.792304
0.769764,0.938534,1.047623,0.937106,0.689288,0.791410,0.793725,1.135919
0.782823,0.922629,0.804700,0.944658,0.849629,0.874388,0.951243,0.818710
0.884640,0.751475,0.948753,0.948198,0.927160,0.909952,0.992869,0.904167
0.902945,0.970598,0.800780,0.575346,0.929863,0.854150,0.824617,0.967190
0.803007,0.754239,0.961734,0.860987,0.886987,0.777777,0.928101,1.102252
0.880360,0.889706,0.829414,0.896436,0.985965,0.767344,0.985514,0.841822
0.868172,0.618439,0.984191,0.971418,0.833608,0.873054,0.919242,1.075078
0.789319,0.913350,0.963363,0.913620,0.807021,0.847565,0.943483,0.982538
1.004039,0.727312,0.959967,0.956620,0.753141,0.909745,1.098154,0.862586
0.746862,0.966427,0.648626,0.981245,0.944677,0.862777,0.968654,0.894778
0.941761,1.006127,0.976886,1.000909,0.914806,0.799955,0.900268,0.840414
0.890975,1.054476,0.712958,0.938708,0.800706,0.863312,0.877697,1.018155
0.839967,0.958554,0.825239,1.042407,1.149307,0.875873,1.058825,0.807824
0.920918,0.951565,0.970790,0.906846,0.856309,0.686972,0.936509,1.006786
0.869636,0.848602,0.861702,0.839259,0.864752,0.896944,0.882644,0.905998
0.657678,0.965414,0.899725,0.925124,0.793765,0.837445,0.823527,0.840286
0.811804,1.042644,0.943067,0.898948,0.854935,0.944582,0.848203,0.663252
1.111980,0.770299,1.059833,0.924644,0.949731,0.768513,0.816989,0.768129
0.869918,0.938964,0.882566,0.814965,0.853151,0.919564,0.918923,0.697389
0.768758,1.004395,0.905970,0.741379,1.041323,1.009737,0.576265,0.850991
0.882931,0.744842,0.923048,0.894442,0.879064,0.901238,0.899796,0.793099
0.870853,1.119677,0.959221,0.830718,0.885204,0.783810,0.700050,0.942444
0.896590,0.965603,0.825119,1.025792,0.773436,0.947634,0.822222,0.920569
0.880190,0.848088,0.930840,0.933197,0.836345,0.790306,0.867273,0.783560
0.556454,0.903614,0.833607,0.874662,0.874805,0.745038,0.709343,0.866957
0.723986,0.905580,0.843360,0.857862,0.869336,0.960933,0.916280,0.822022
0.787937,0.747709,0.861745,0.896457,1.026543,1.026232,0.868034,1.014155
0.923439,0.763529,1.071442,0.985850,0.981333,0.830659,0.913343,0.972801
1.024925,0.839287,0.837408,0.786080,1.066540,0.905639,0.781046,0.949665
1.189107,0.981550,1.110115,0.926698,0.992585,1.019206,0.885044,0.896919
0.727288,0.827546,0.767349,0.988365,0.974742,0.871731,0.890064,0.841067
1.096847,1.021298,0.986684,0.834446,0.977029,0.822840,0.851295,1.008606
0.939271,0.725682,1.098582,0.931155,0.757886,1.003386,0.926367,0.979932
1.093598,0.906688,1.040077,1.096036,1.077651,1.081573,0.867851,0.839640
0.944046,1.011241,0.968045,0.785718,0.772664,0.807774,1.057024,0.744104
0.824365,0.926112,0.838562,0.983050,0.756242,0.922288,1.218064,0.983991
0.766463,0.962428,0.931858,0.921932,0.748227,0.735253,0.939996,0.827221
0.728795,0.900813,0.969404,0.828068,1.024391,1.080486,0.956466,0.926634
1.022830,0.901548,0.868802,0.835547,0.967051,0.951265,1.146059,0.900504
0.961417,1.067206,0.695044,0.961940,0.747513,1.021796,0.888289,1.107475
1.114315,1.028534,0.677492,1.050721,0.888536,0.919470,0.863480,0.941950
0.960107,0.806553,0.830185,0.929803,1.044379,0.700633,0.819734,0.835707
0.776705,0.760857,0.912182,0.829235,0.830894,1.000488,0.831850,1.070457
1.028103,0.628873,0.760006,0.821351,0.872599,0.985969,0.744443,0.931619
0.961764,0.913701,1.097910,0.953636,1.130045,0.916694,0.690721,0.767678
0.879383,0.869645,0.731981,0.755181,0.793797,0.812755,0.773253,0.843649
0.935816,0.872669,0.984875,0.961475,0.950510,0.742968,0.909811,1.101397
0.864692,0.921072,0.856385,0.966582,0.755585,0.995968,0.911033,0.919045
0.873403,1.030542,0.890181,0.885268,0.949058,0.963115,1.007893,0.888293
0.908425,0.907360,1.090362,0.879327,0.963224,0.891088,0.996414,0.762012
0.853432,0.993503,0.781918,0.786013,0.835333,0.801800,0.980184,0.714284
0.802912,0.824085,0.979769,0.754928,0.870774,0.953938,0.912456,0.915272
1.054221,0.966315,0.844287,0.979191,0.966588,1.049245,0.813560,0.842766
0.875058,0.859135,0.986153,0.701237,0.742067,0.915822,1.000078,0.809880
0.937250,0.665240,0.921008,0.747023,0.973769,0.803968,1.113579,0.805037
0.828858,0.804220,0.804505,0.982106,0.893561,0.841149,0.751481,0.801443
1.084162,0.842562,0.932468,0.888770,0.903811,0.982438,0.922984,0.792069
0.877920,1.190372,0.881957,0.733840,1.160316,0.867931,0.835887,0.987233
0.920886,0.972489,1.035894,0.815376,1.020488,1.053989,0.968787,1.076937
0.784375,0.826920,0.841150,0.773545,0.912795,1.000876,1.015312,1.017335
0.933341,0.540133,0.865945,0.879449,0.860955,0.819796,0.844588,0.875065
0.865936,1.055594,0.812151,0.873859,0.726958,0.966355,0.909115,1.054973
0.999752,0.938596,0.929888,0.904575,0.817993,0.919202,1.021267,0.774572
0.955182,0.803076,0.920218,0.905693,0.975537,0.827772,0.830714,0.896110
0.914693,0.775732,0.943789,0.756367,0.991025,1.011670,0.771053,0.877365
0.936335,0.845351,0.901894,0.855470,1.013583,0.857392,0.918597,0.754063
0.834828,0.897440,1.073464,0.871343,1.026334,0.917723,0.868142,1.107217
0.938142,0.969398,1.002437,0.749326,0.825760,1.020377,0.668201,0.926525
0.716076,0.954412,0.931388,0.891815,0.947804,0.845697,0.772210,0.947126
0.915016,0.814066,0.918459,1.011415,0.895738,1.121519,0.951646,0.955640
0.882107,0.873927,0.766988,0.865777,0.770917,0.823338,0.775634,1.007327
0.866607,0.893862,0.892432,0.853881,1.031603,0.846258,1.065293,0.887532
1.050716,0.676730,0.843773,0.759949,0.875549,0.924067,0.968957,0.715840
0.910372,0.952586,0.780229,0.749868,0.946851,0.859767,0.775030,1.039340
0.895624,0.966070,0.946993,0.878223,0.869880,0.717063,0.814257,1.013781
0.754211,0.862233,0.951926,0.980237,0.860893,0.980068,0.919407,1.123479
0.795723,0.881764,0.925760,0.966559,0.777019,0.833573,0.902818,0.903242
0.849598,0.924062,0.882739,1.050166,1.079678,0.791064,0.812677,0.899160
0.904739,0.841202,0.713551,0.922983,1.000695,0.899042,0.891240,0.969659
0.946395,0.986820,1.041527,0.786481,0.715800,0.977232,0.877723,0.931230
0.830883,0.894593,1.082960,0.722639,0.636021,0.968921,0.958201,1.021487
0.927235,1.056528,0.855614,0.876984,0.737231,1.011625,0.909974,0.942686
0.784414,0.925339,0.777962,0.857778,0.873363,0.860279,1.032397,0.943813
0.900085,0.788147,0.947322,0.961763,0.846606,0.958586,0.931812,0.850757
0.964788,0.952975,0.990312,0.865304,0.754215,0.931494,0.850206,0.959830
0.864658,0.912030,0.978180,0.918659,1.037207,0.863007,0.878772,0.906180
0.952925,0.911104,0.736911,1.032371,0.898536,0.883068,0.943864,0.842675
0.746105,0.802207,0.748828,0.874904,0.865684,0.868000,0.803334,0.897688
1.017671,0.947707,0.721810,0.983300,0.955674,0.837118,0.914117,0.734169
0.821448,0.947880,0.634135,0.899313,1.037800,0.927173,0.961505,0.874058
0.810493,1.035795,0.843868,0.864865,0.815591,0.903982,0.895026,1.016301
0.974502,0.856731,0.936970,1.120022,0.871523,0.879443,0.979473,1.036857
1.059113,0.893209,0.995852,0.897567,0.971176,0.966251,1.017553,0.940778
0.776541,0.956289,0.868978,0.748325,0.832788,0.933425,0.897231,0.642261
0.968970,0.964088,0.880631,0.937694,0.788060,0.765282,0.996854,0.914757
0.772887,0.773653,0.879864,0.843157,0.850052,0.872359,0.966056,0.930855
0.738765,0.866633,0.878213,0.933984,0.655314,0.913048,0.870099,0.764793
1.167668,1.006763,0.793842,0.701641,0.848931,0.831481,0.817473,0.832238
0.931234,0.804744,0.817962,0.819339,0.938587,0.816811,0.921432,0.889680
0.811899,1.056590,0.899361,0.695585,0.861534,1.130454,0.774267,0.910293
1.024449,0.923312,0.901804,0.845671,0.719815,0.828877,0.829646,0.932046
0.859653,1.004778,0.804287,0.724334,0.893033,1.097759,0.946330,0.893865
0.969113,0.659465,0.969392,0.817050,1.067435,0.895960,0.893449,1.015971
0.803045,0.815967,0.981938,0.827913,0.960268,0.928915,0.898220,0.810481
0.835323,0.889990,0.796488,0.577101,0.939854,1.026860,0.922181,0.920850
0.909045,0.790860,0.871802,0.923722,0.852359,0.863093,0.880257,0.812419
0.880976,0.898507,0.835112,0.865070,1.024909,0.938269,0.977542,0.890353
0.777003,0.984260,0.917225,0.818815,1.003375,0.870416,0.755435,0.831778
1.054625,0.882558,0.874938,1.022110,0.957153,0.883511,0.846158,0.758587
0.899345,0.839582,0.921594,0.755876,0.948370,0.932074,0.951507,0.742698
0.834625,0.923429,1.040504,0.683445,0.854580,0.922227,0.957163,0.747539
0.996175,1.018947,0.808003,0.909478,0.795875,1.024185,1.001196,1.101519
0.929227,0.873081,0.881824,1.041028,0.944835,1.152088,1.065574,0.527614
0.760132,0.847485,0.874914,1.075349,1.025865,0.861078,0.871885,1.016702
0.947471,0.954391,0.971546,0.931242,1.026383,0.944937,1.053510,1.181463
0.998971,0.887647,0.755510,1.009049,0.849854,0.831465,0.770401,0.849764
0.645934,0.958799,0.981755,0.830991,1.008897,0.992537,0.897289,0.968921
0.806923,0.946880,0.942797,1.011814,0.777532,0.856471,0.876968,0.827286
0.770142,0.780181,0.849011,0.966466,1.047194,0.820990,0.846816,0.952350
1.036563,0.878716,0.874340,0.859252,0.842994,0.982644,0.805048,0.788342
1.077812,0.856204,0.720964,1.049513,0.955521,0.796387,0.686792,0.898833
0.770627,0.988533,1.035085,1.003699,0.869588,0.843579,0.947376,0.781879
0.750851,0.825176,0.820420,0.901200,1.100548,0.896446,0.828036,1.043688
0.766225,0.923238,0.721608,0.933749,1.094007,0.908195,0.681279,1.036232
0.886792,1.069113,1.038980,0.770005,0.802852,0.747418,0.853235,1.021173
0.834847,0.889120,1.039554,0.860066,0.931364,0.771024,0.774628,1.089767
0.784898,0.824838,0.988767,0.960182,0.762241,1.004951,0.904068,0.796971
0.953791,0.873824,1.032580,1.046616,0.775019,0.850809,1.000246,0.843957
0.757150,1.094867,0.889279,0.872925,0.743790,0.883802,0.926784,0.988198
0.919724,0.897260,0.957900,0.913986,1.091840,0.932302,0.942097,0.843516
0.890365,1.036660,0.912627,0.865562,0.834221,0.678981,0.841169,0.990336
0.740226,0.841154,0.925263,0.915243,0.822420,1.026911,0.879574,1.145632
0.904188,0.866490,0.814875,0.784612,0.961141,0.812783,0.982034,0.842892
0.886239,0.653868,0.882656,0.754463,0.915842,0.953703,0.819461,0.846127
0.974875,0.928961,0.778281,0.838565,0.817208,0.982369,0.903267,0.808373
0.833447,0.767358,0.836125,0.910621,0.995911,0.769052,0.951412,0.987559
1.095768,0.782924,0.993062,1.019572,0.868591,0.795138,0.774414,0.918710
0.924235,0.818268,0.944328,0.964219,0.950926,0.894718,0.939073,0.920737
0.753833,0.857357,0.816146,1.029006,0.716705,0.803085,0.841949,0.858130
0.885670,0.922698,1.027359,1.035927,1.084203,0.951930,0.869242,0.925443
1.024149,0.966898,0.898554,0.931621,0.997560,0.832704,0.880087,0.842138
1.001514,1.035553,0.942383,0.943645,0.944349,0.888485,0.902686,0.842835
0.980411,0.741538,0.885728,0.916250,0.826257,0.813552,0.823043,0.675960
0.794171,0.853631,1.028172,0.826329,0.919465,1.060847,0.961652,0.915001
0.995588,0.992988,0.836348,0.927534,0.788114,0.863049,0.814097,0.832857
0.917907,0.852776,0.874278,0.702135,0.882215,0.854454,0.994704,0.822603
0.994520,0.874165,1.162778,1.021520,0.974257,0.994561,0.908545,0.925744
0.936538,0.937497,0.919011,0.872452,0.730186,0.945338,0.837127,0.913259
0.858481,0.951513,1.064350,0.676232,0.732882,0.917736,0.989985,0.946862
0.838296,0.822199,0.901836,0.918794,1.020417,0.939555,0.973703,0.762477
0.913791,0.849110,0.856852,0.957387,0.695960,0.912911,0.836993,0.769671
0.817079,0.849090,0.727710,1.044658,0.922055,0.809202,0.992862,0.807697
0.987914,0.983996,0.877650,0.985389,0.917421,0.827625,1.023975,0.866519
0.921034,0.718429,1.032318,0.972491,1.070266,0.806638,0.963751,0.838800
0.794251,0.717719,0.775408,0.752718,0.906345,0.852951,0.837733,0.854533
0.859374,1.026996,0.881325,0.863234,0.815789,0.937776,0.869960,0.816836
0.838638,1.103994,0.897779,0.887075,0.884178,0.913329,0.912353,0.785432
0.809824,0.904433,0.797861,0.758219,1.062879,0.748417,1.009287,0.882907
0.936421,0.932955,0.809001,1.064535,0.866725,0.656174,0.868326,0.809214
0.825704,0.730661,1.069605,0.778254,0.824305,0.734142,1.001049,1.050078
0.971816,0.928516,0.805946,0.888394,0.906615,0.707862,0.983690,0.869291
0.927481,0.783712,1.009402,0.782169,0.913119,0.988306,0.865662,0.895652
0.750270,1.134557,0.920451,0.957052,0.860088,0.801840,1.034839,0.785772
0.712896,0.772029,0.931141,0.948751,0.846589,0.884715,0.883616,0.687005
0.898508,0.761290,0.879520,0.862261,0.852807,1.071067,1.049444,0.841460
0.822119,0.843767,0.993508,0.777633,0.977573,0.978445,0.744169,1.006680
0.774862,0.909106,1.054785,0.693427,0.875950,0.958899,0.955320,0.812728
0.865159,0.741094,0.888177,0.905187,0.784493,0.980689,0.955518,0.960937
0.836111,0.933640,1.032743,1.121403,0.925498,0.761150,0.867699,1.026229
0.794281,0.896675,1.021111,0.920229,0.907388,1.009091,0.826302,1.008501
0.899396,0.832128,0.943896,0.846639,0.998978,0.909582,0.803683,0.956902
0.790680,0.823219,0.856851,0.711028,0.758509,0.929291,0.681875,0.885151
0.917448,0.852399,0.961544,1.044037,0.900979,0.968826,0.958214,0.907282
0.965306,0.892121,0.873396,0.987494,0.958500,0.801385,0.899821,0.824132
0.984455,0.819978,0.954432,1.071545,0.829972,0.825078,0.853441,0.951091
0.886632,0.784998,0.832544,0.797489,0.853678,0.907311,0.925619,0.803515
0.680014,0.864053,0.890038,0.928220,1.023651,0.805520,0.827102,0.996311
0.801266,0.958018,0.966126,0.881695,1.023859,0.880755,0.868904,0.763412
1.043665,0.923742,1.103078,0.814075,0.790304,0.956928,0.755595,0.777768
0.968797,0.901806,0.733105,0.825486,0.977066,0.952112,0.812916,0.872452
0.927001,0.769186,0.877002,0.620702,0.857650,0.796335,0.896895,0.955211
0.832990,0.995527,0.785578,0.937462,0.917634,0.917173,0.708422,0.781965
0.852802,0.862350,1.084103,0.736992,0.949410,0.898860,0.841040,0.979183
0.828966,0.855508,0.789642,0.950372,0.986107,0.874294,0.751308,0.908770
0.883542,0.967671,0.808677,0.661935,0.920868,0.906515,0.931630,0.883485
0.823792,0.789026,0.815518,0.788827,0.924467,1.063660,0.744826,0.913693
0.892925,1.005315,0.949478,0.901025,0.752754,0.975932,0.987139,0.710482
0.977765,0.803187,0.883030,0.935745,0.593814,1.034224,0.892396,0.857963
0.913778,0.952087,1.040844,0.951921,0.591353,0.897276,0.868859,0.879751
1.077115,0.977606,0.907660,1.023501,0.820391,0.901809,0.757995,1.001006
0.954640,1.043267,0.891352,0.999052,0.989509,0.945789,0.898046,0.933095
0.865356,1.025205,0.844226,0.841217,0.800701,1.064069,1.052048,0.893667
1.030523,0.879290,0.835660,0.891130,0.983103,0.861655,0.880627,0.916576
0.902466,1.207483,0.846358,0.924666,1.076744,0.828203,0.853370,0.910345
0.872362,0.900754,0.838403,1.020384,0.952234,0.886677,0.925558,0.815712
1.012078,0.974733,0.820178,0.817335,0.948261,0.931205,0.677762,0.828011
0.971265,1.129699,0.919383,0.688706,0.718792,1.017833,0.934936,1.116740
0.892704,0.897191,0.861699,0.809009,0.778094,0.992877,1.040986,0.997078
0.916825,0.844819,0.901789,0.805623,0.825086,0.875467,0.749569,0.768983
0.708306,0.794379,0.766002,0.993284,0.834669,0.697190,0.954821,0.854308
1.025203,0.969148,0.806938,0.907851,0.904235,0.806673,0.905538,0.787022
0.895170,0.893160,0.841704,0.878048,0.740020,0.991213,0.892156,1.114355
0.730517,1.021737,1.024713,0.866135,0.834409,0.721406,0.906881,1.039428
1.014354,0.893684,0.908246,0.771094,1.022033,1.118681,0.920852,0.912087
0.678307,0.942559,0.837767,0.801587,0.823438,0.869924,0.802653,0.929705
0.853455,0.867499,0.970028,0.820740,0.921888,0.878076,0.968817,0.973255
0.980936,1.099082,1.033047,0.848266,0.843117,1.127770,0.883178,0.813845
0.830868,0.857287,0.825599,0.753510,0.756520,0.916600,0.981327,0.891903
0.977633,0.837701,0.735512,0.967209,0.936367,0.839030,0.928493,0.918634
0.668408,0.926683,0.884278,0.842491,0.664622,0.908310,0.874725,0.803874
0.768699,0.730738,1.040045,0.862669,0.643890,0.944602,1.069819,0.842903
0.730216,1.019083,0.966439,0.980441,0.812762,0.857283,0.830172,0.903189
0.796171,0.882288,0.875295,0.797670,0.865792,0.886342,0.942862,0.937108
0.884667,1.021131,1.026618,0.888574,0.746042,0.998765,0.945010,1.027295
0.924254,0.808484,0.959806,0.999265,0.718329,0.840924,0.903162,0.981528
0.856467,0.863233,0.925075,0.793194,0.969995,0.690961,0.778192,0.960970
1.042520,0.903985,0.771972,0.727316,0.860393,0.923600,1.034727,1.107021
0.996103,0.804044,0.786841,0.881976,0.793791,0.708913,1.046574,0.864864
1.019226,1.107440,1.027760,0.844030,0.960345,0.894631,0.758257,1.000970
0.795278,0.835197,0.735037,0.838829,0.853706,0.875706,0.745097,0.992210
0.798592,0.745754,0.819477,1.031503,1.092773,0.816379,0.825761,0.990507
0.790856,0.970225,0.777421,0.926067,0.763680,0.917522,0.894830,0.809508
0.715711,0.998297,0.846369,0.912379,0.790649,0.885117,0.924142,1.025983
0.836410,1.001056,0.873316,0.811507,0.839042,0.933933,1.005800,0.901799
0.855712,0.903443,0.878442,0.820437,0.778347,0.946294,0.903922,0.924678
1.008010,0.681827,0.878343,0.920155,0.860495,1.007201,0.836045,1.010049
1.015972,0.769163,0.915931,0.968134,1.029397,0.870772,0.964795,1.003322
0.849919,0.988329,1.033499,0.860842,0.791874,0.759328,1.035283,0.996777
0.903119,1.073023,0.837033,0.766580,0.930922,0.874608,0.730445,0.856370
0.929895,0.963687,0.726735,0.931092,0.827493,0.849700,0.967527,1.040345
0.818515,1.028397,0.838929,0.902927,0.796370,0.981122,0.767862,0.723384
0.755380,1.113903,0.843231,0.955498,0.922729,0.758179,0.880703,0.912596
0.838151,0.964804,0.735230,0.912002,0.828495,0.919849,0.964563,1.094699
1.041845,0.927743,0.927480,0.893267,0.852388,0.809458,0.897549,0.747095
0.933743,1.007152,0.952519,0.685277,0.839536,0.790411,0.955803,0.780947
0.805980,0.790260,1.089252,0.943785,0.877731,0.781024,0.963568,0.834486
0.960973,0.800564,0.938236,0.903736,0.948872,1.006063,0.738378,1.141663
0.886523,0.907446,1.089834,1.078910,0.782037,0.934208,0.853569,0.882461
0.900790,0.903708,1.193719,0.840897,0.928109,0.844320,0.914915,0.840454
1.091719,0.791240,0.694159,0.907503,0.907021,0.725868,0.907020,1.021367
0.910923,0.836561,1.038580,0.849088,0.916961,0.920848,0.960999,0.922750
0.944345,0.810021,0.790036,0.807206,0.893115,1.028737,0.752594,0.835348
0.827374,0.644204,1.012989,0.949585,0.655118,0.970094,0.875555,0.903052
0.834171,0.970349,0.937691,0.902054,1.002969,0.851330,1.065626,0.830977
0.696080,0.910368,1.017701,0.841321,1.080030,0.993990,1.024682,0.825471
0.896278,0.886191,0.974159,0.935415,1.041940,1.018772,0.899606,0.760194
1.019188,0.806345,0.921532,1.052701,0.855510,0.813700,0.848149,0.880727
0.869167,0.820949,0.966475,0.830403,0.794837,0.891086,0.997084,0.923098
0.866524,1.006349,0.890648,0.801665,0.930417,0.958234,0.955104,0.985853
0.957426,0.779062,0.998677,0.893678,0.848518,0.888498,0.946078,1.008034
1.116993,0.975389,0.729432,0.794142,0.856977,0.984984,0.644510,1.031722
0.827419,0.952291,0.883075,1.043374,0.855860,0.711499,0.787124,0.981785
0.833677,0.821494,1.052265,0.868987,1.142395,0.792042,0.785955,0.893151
0.869193,0.919285,0.918887,0.974604,1.048411,0.852187,0.952706,1.026723
0.809545,0.950842,0.769181,0.751199,0.745572,0.852282,0.687143,0.956997
0.998548,1.039750,0.996868,0.741797,0.932160,0.873262,0.732301,0.944877
0.893942,1.045062,0.888551,0.823676,0.769692,0.992321,1.000346,0.950298
0.973236,0.878613,0.840178,0.799212,1.016591,0.969413,0.887342,0.741592
0.934669,0.783702,0.984903,0.931239,0.865364,0.895372,0.837206,0.696894
0.759699,0.912845,0.963419,1.000895,0.905560,0.928644,0.889490,0.974268
0.717885,1.238800,0.758338,0.796937,0.805874,0.783789,0.876386,0.809687
0.959816,0.939199,0.740471,0.858308,0.818127,0.911423,1.015439,0.777843
0.947172,0.904869,0.979763,1.041129,0.881090,0.949937,0.924996,0.951273
0.868809,0.730774,0.860116,0.922734,1.091440,0.831725,0.860424,0.988731
1.016692,1.029021,0.955313,0.945144,0.901486,0.932634,1.060589,0.894844
0.879628,0.913130,0.861104,0.814356,0.974311,0.944031,0.833358,0.896624
0.835667,0.827081,0.916877,1.056014,0.782472,0.913395,0.843537,0.829224
1.079004,0.869447,0.930332,0.975704,0.957319,0.721591,0.867593,0.798740
1.135658,0.925746,0.904340,0.869085,0.666848,1.021615,0.733821,0.838694
0.863018,0.859439,0.704160,1.013734,0.910234,1.063694,0.927033,0.928075
1.050424,0.956253,0.729692,0.814597,0.890553,0.825603,0.793949,0.914201
0.901591,1.131905,0.886672,0.749133,0.976414,0.953322,0.848146,1.080716
0.891472,0.811537,0.977259,0.935398,0.901746,0.925816,0.886234,0.682754
0.927711,0.922870,0.883640,0.939848,0.876146,0.862706,0.953798,0.857784
1.042762,0.916626,0.859926,0.897041,0.988154,1.026828,0.890295,0.999912
0.897370,0.914067,0.825904,1.101352,1.055378,1.014092,0.930517,0.733324
0.858547,0.888038,0.831017,0.763870,0.749603,0.830884,0.982209,0.730183
0.906283,0.864645,0.858073,0.695117,0.891687,0.874005,0.894730,1.053484
0.902810,0.834402,0.680397,1.055699,1.066312,0.786712,0.998573,0.937204
0.852826,0.694531,0.736282,0.995976,0.960354,0.974409,1.067958,0.879713
0.827116,0.889122,0.941227,0.764512,0.801544,0.805774,0.793126,0.893547
0.881779,1.022595,0.967354,0.740823,1.007542,0.942308,0.950993,0.786104
0.917005,0.884535,0.822041,1.024591,0.953348,0.903896,0.921178,0.853763
0.848361,0.805424,0.871753,0.875127,0.895083,1.022223,0.775343,1.051221
0.877507,0.702337,0.919235,0.944793,0.817572,0.803907,0.914497,0.786987
0.887107,0.841823,1.003235,0.872910,1.055229,1.057275,0.687210,0.951995
0.869792,0.988576,0.977048,0.845257,0.969271,1.070767,0.786214,1.086775
0.861096,0.913990,0.633751,0.768161,0.965171,1.076891,0.876772,0.992201
0.921865,0.967471,0.992159,0.730347,0.971076,0.953119,1.067292,0.976586
1.049370,0.743262,0.866184,1.090624,1.027109,0.847218,0.763237,1.009878
0.983245,0.868615,0.849562,1.211718,0.955183,0.847068,0.821321,0.821395
1.114766,0.784879,0.918980,0.913116,0.909523,0.782024,0.832310,0.943348
0.797772,0.593175,0.868975,0.909604,0.938320,0.687805,0.923306,0.942541
1.105748,1.008667,1.053850,0.850428,0.751524,0.761951,1.086985,1.098381
0.944638,0.995722,0.846141,1.083926,1.157162,0.707839,0.680563,1.004254
0.731690,0.873600,0.834599,0.749193,0.745738,1.077250,0.991124,0.804070
0.901801,1.078554,0.893916,1.019307,0.765241,0.934751,0.881861,1.026405
0.962842,0.997540,0.921116,0.812742,0.731526,1.070093,0.966482,1.047600
0.936948,1.010441,0.896004,0.904280,0.732737,0.789599,0.731089,0.882502
0.831584,0.948752,0.858104,1.030990,1.076389,0.907831,0.715672,0.951731
0.885064,0.973835,0.907898,0.742518,1.034416,0.752317,0.964427,0.812347
0.935505,0.740314,1.046969,0.677656,1.228544,0.863019,0.962495,1.073985
1.075857,1.039003,0.739554,0.747770,0.934897,0.718983,0.795483,0.885509
0.766182,0.877737,0.688164,0.945138,0.870371,0.981344,1.069831,0.881779
0.698144,1.112488,0.902738,0.898876,0.960253,0.826974,0.918641,0.906324
0.917817,0.852728,0.825193,0.802457,0.995244,0.761574,0.896360,0.909832
0.867605,0.932716,0.939685,1.003148,1.058747,0.682613,0.856487,0.766378
1.057091,0.865139,0.951604,0.854670,1.008626,0.797115,0.873198,0.897148
0.790331,0.805244,0.955845,1.070891,1.054618,0.776748,1.056535,1.016877
0.909047,0.830765,1.011760,0.962717,0.970364,0.818529,0.801263,0.957519
0.791379,0.736499,1.089885,1.120499,0.808425,1.047160,0.960381,1.012365
1.133228,0.949519,1.023011,0.896752,1.018560,0.885109,0.752355,0.830250
0.998046,0.813619,1.012197,1.047253,0.899403,0.946949,0.698792,1.018583
0.894534,0.836837,0.756700,0.932518,0.816007,0.948590,0.942161,0.939597
0.847455,0.850893,0.994997,0.873904,0.867657,0.783729,0.874069,0.981952
0.848021,0.929619,0.950176,0.991857,0.847887,0.782158,1.096747,0.725239
0.930668,0.856950,0.988664,0.926471,0.951764,1.043496,0.876291,0.820187
0.960666,1.069242,0.843310,0.984859,0.975643,0.685983,0.900841,0.935554
0.885690,0.925243,0.867081,0.979521,1.009248,0.885042,0.920124,0.702479
1.023384,0.952759,0.929144,0.869544,0.840159,0.808688,0.814389,0.750234
1.021053,0.937549,0.955830,0.854635,0.854649,0.911830,0.802962,0.796523
0.804884,0.862932,0.835883,0.785482,0.838437,0.825243,0.769053,0.797519
0.655224,0.840323,0.713059,0.850841,0.908560,1.114528,1.008400,0.862660
0.934501,1.059890,0.921233,1.029307,0.961092,1.077438,0.824767,0.873880
0.971781,0.896593,0.920924,0.878470,0.743063,1.054238,1.007569,0.809119
0.911070,1.038239,0.801229,0.922562,0.821069,0.775395,0.706503,0.967250
0.980234,1.044216,0.918032,0.946831,0.855282,0.887576,0.935012,0.969480
0.940006,0.831277,0.836100,0.909381,0.929213,0.817423,1.043987,1.031657
0.864592,0.903948,0.839500,0.858228,0.794284,0.889748,0.827792,0.915745
1.022556,0.850556,0.705640,0.982972,0.947888,0.839645,0.904929,0.806191
1.021652,0.852036,1.014386,0.970755,0.906229,0.798611,0.880902,0.921926
0.986539,0.811557,0.900859,0.539033,0.748522,0.741782,0.853463,0.732860
0.849707,1.026701,0.965658,0.831746,1.071406,0.811684,0.807194,0.796488
0.814671,0.813594,0.970301,0.919460,1.124005,0.730401,1.149040,0.985126
1.040877,1.192550,0.973623,0.990495,0.855216,0.858912,0.865772,0.948588
0.830923,0.916028,0.856033,0.881464,0.844297,0.987527,0.732298,1.011773
0.948668,0.859354,1.024370,0.911659,0.835412,1.039301,1.017529,0.839617
0.864864,0.878005,0.904512,0.795880,0.875222,0.827985,1.045544,0.843666
0.951870,0.924375,0.923060,0.742256,0.953731,0.885515,0.863387,0.920743
0.894053,0.772398,0.942080,0.975322,0.870324,0.817538,0.879467,0.722662
0.917043,0.744651,0.897986,0.830289,0.871345,0.767415,1.079412,0.834734
0.951719,0.943244,0.790858,1.024676,0.949987,0.919920,0.854472,0.687002
0.922215,0.789116,0.920309,1.014726,0.736485,0.730282,0.855877,0.959294
0.912799,0.685433,0.986071,0.881261,1.085885,1.023021,0.766958,0.963343
0.906538,1.059540,0.843789,0.962906,0.882655,0.931144,0.707314,0.852152
0.833966,0.938658,0.816677,0.975717,1.106689,0.968078,0.836386,1.040923
0.879016,0.918742,0.967262,1.073776,0.739617,0.846881,0.820627,0.770045
0.964668,1.003939,1.025176,0.870353,0.780850,0.748248,1.088028,0.804167
0.912780,0.832058,0.859925,0.999070,0.812271,0.996081,0.901352,0.900937
0.941680,0.831646,1.049052,0.897844,0.896811,0.852038,0.816944,1.020716
0.941253,0.876353,0.941570,0.940717,0.966049,0.934816,0.848508,1.032448
1.008430,1.017516,0.844136,0.944887,0.918921,0.822601,0.757630,0.753968
1.079193,0.868150,0.690438,0.967725,0.765696,0.894900,0.737736,0.792514
0.946870,0.820958,0.889420,0.850003,0.922354,0.855403,0.955589,0.792615
1.005712,0.872263,0.924260,1.008186,0.841841,0.985790,0.743460,0.786108
0.899581,0.779177,0.834117,0.917365,0.947873,0.892201,0.822853,0.809449
0.819122,0.926605,0.914548,0.988110,1.078893,0.826213,0.747050,0.794972
0.838180,0.915098,0.864318,0.956562,0.729787,0.976935,0.978900,0.646798
0.752381,0.854721,0.974097,0.969819,0.817667,1.008872,1.035025,0.936214
1.002372,0.850775,0.856659,1.003915,0.876142,0.807631,0.511773,0.734145
0.956430,0.825523,0.741752,0.834013,1.062351,1.010535,0.923863,0.982543
0.940508,0.972659,0.811054,0.891543,0.865267,0.835497,0.852847,0.825416
0.903042,0.713794,0.932436,0.691937,0.731679,0.908001,0.837115,0.874465
0.760771,0.731022,0.815015,0.951956,0.980070,0.941825,0.775218,0.733551
0.818448,0.867631,0.844564,1.065150,0.920026,1.033197,0.970215,0.865969
0.809886,0.874025,0.839377,1.010632,0.811264,0.804584,0.838982,1.008163
0.797770,1.075674,0.837828,0.960357,0.928356,0.891042,0.878725,0.768190
1.062447,1.051034,0.816479,1.045722,0.963904,0.948768,0.746014,0.925449
0.924283,0.894516,0.897247,0.979477,0.762608,0.750536,0.952773,1.041899
0.910931,1.000505,1.017580,1.043705,0.871521,0.876706,0.845956,0.809634
0.845728,1.056206,1.038773,0.801325,0.821892,0.784287,0.873706,0.925144
0.821771,1.061442,0.836339,0.718731,0.990660,0.892383,0.937473,1.058696
0.610289,0.889319,0.847519,0.982209,1.149257,0.974723,1.037578,0.808163
0.936949,0.879951,0.964966,0.824146,0.950289,0.718923,0.736540,0.995124
0.809794,0.944894,0.998330,0.869492,0.858854,0.774860,0.974016,1.018261
0.920327,0.987394,0.862952,0.923003,0.986761,0.899073,0.892353,0.682014
0.966925,0.903405,0.886188,0.858808,0.985802,0.846864,0.842172,1.082515
0.731561,0.754748,0.830175,1.020623,0.941920,1.038661,1.018656,0.870608
1.067857,0.878452,0.823131,0.958980,0.757136,0.934189,0.905811,0.852074
1.078483,0.966605,0.899648,0.697419,0.950753,0.928564,0.880968,0.841268
0.899762,0.892891,0.954226,0.901767,0.936825,0.818877,0.898835,1.001594
0.903148,0.976318,0.780809,0.888331,0.852509,0.870407,0.979495,0.920768
0.861841,0.985652,0.874051,1.012937,0.739697,0.881530,0.753396,0.849987
0.886651,0.640304,0.818431,0.878458,1.009048,1.019633,0.852595,0.829795
0.822143,0.780858,0.951065,0.801539,0.851366,1.044632,0.908015,0.858508
1.072215,0.897397,0.790694,0.911705,0.824198,1.014178,0.825636,0.911859
0.851986,0.974969,0.865822,0.917861,0.962540,1.042274,0.836098,0.764205
1.015588,0.870012,1.011821,0.935468,0.954769,0.952165,0.786987,0.852044
1.115314,0.982024,0.881122,0.858999,0.797113,0.664190,0.842681,0.756064
0.721336,1.002904,1.011566,0.773734,0.834867,0.827330,0.813821,0.880315
0.792315,0.877978,0.883452,0.893609,0.756112,0.822610,0.909718,1.028947
1.072798,0.985222,0.822942,0.862047,0.744259,0.833575,0.964460,0.936719
0.765729,0.848133,0.973708,0.819992,0.855900,0.878149,0.957782,0.883148
0.839228,0.756380,0.965300,1.040619,1.006490,0.847936,0.736754,0.864931
0.756325,0.910293,0.744637,0.850909,0.968974,1.093061,0.960172,0.993249
0.998149,1.010334,0.903811,0.934330,0.890761,0.746643,0.695963,0.954249
0.810800,0.960182,0.958576,0.751943,1.023448,0.935695,0.804559,1.036971
0.838951,0.933789,1.001496,0.814068,0.966639,0.927652,1.065780,0.932134
0.887509,0.997822,1.053305,0.922058,0.830029,1.110874,0.914411,0.836847
0.858310,0.983725,0.835321,0.905452,0.797746,0.926321,0.933480,0.958331
0.996302,0.897567,0.745068,0.840158,0.935014,0.944452,0.833115,0.903307
0.776519,0.920220,0.906343,0.801782,0.927939,1.074008,0.722839,0.847319
0.934576,0.806850,0.984485,0.979091,1.044069,1.012577,0.953704,0.750241
1.037503,0.951967,0.965513,0.876195,0.778955,1.048721,0.906507,1.036043
0.826006,0.990364,1.035755,0.905237,1.003359,0.875101,0.979457,0.996476
0.949497,0.917589,1.144282,0.987915,0.914318,0.982474,0.804700,1.045931
0.890836,1.009876,1.032226,0.879617,0.853404,0.927411,0.811399,0.831823
1.004360,1.157096,0.889448,0.794790,0.635143,0.813453,1.023467,0.868866
0.946810,0.879151,0.843531,0.851570,0.735062,0.706236,0.906074,1.027268
0.846303,0.811828,0.791535,1.004727,0.825366,0.900044,0.930197,0.894616
0.951501,0.895223,0.972985,1.032925,1.065815,0.726612,0.715501,0.795386
0.623696,1.029977,0.925556,0.862332,0.696682,0.918205,1.071752,0.877998
0.900931,0.829041,0.952929,0.824089,0.871311,0.893500,0.935282,0.762584
0.893309,0.842926,0.891715,0.849390,0.892698,0.942630,1.021393,1.074899
0.695189,1.001094,0.985799,0.937916,0.918061,0.930618,0.970334,0.790611
0.986709,0.885503,0.937554,1.184044,0.858189,0.899956,0.823550,0.998050
0.950964,0.746019,0.976682,0.872940,0.809223,0.918729,0.875071,0.855857
1.037610,0.909728,0.826861,0.875997,0.907664,0.811549,0.865337,0.992602
0.917979,0.823804,0.947101,1.057870,1.004984,0.876917,0.858166,0.880251
0.732995,0.880114,0.837428,0.891389,0.642136,1.024952,0.829763,0.843095
0.901941,0.818920,0.819507,0.786242,0.802504,0.843809,0.981933,0.833118
1.026553,0.920222,0.837537,1.062025,0.877285,0.834983,1.110741,0.865232
0.906000,0.772300,0.816735,0.966464,0.782556,0.686802,0.807744,0.819603
0.698405,0.782076,0.812457,1.002445,0.979246,0.797813,0.719770,0.943112
0.840668,0.935904,0.717281,0.656894,0.763898,0.908656,0.882968,0.996259
0.711329,0.788613,0.809734,0.877402,0.894492,0.968778,0.792720,1.009479
0.818982,0.666235,0.997458,0.931492,0.940991,1.014066,0.808861,0.814659
0.699595,0.897691,0.765022,0.999216,1.010922,0.827482,0.969138,0.870025
0.937748,0.806846,0.967076,0.941021,0.771275,0.866716,1.067319,0.824061
0.825457,0.928163,1.004190,0.958012,0.737321,0.736409,1.069300,1.018466
1.029519,0.638019,0.788739,0.812170,1.111577,0.780976,0.934727,0.839345
0.790246,0.998492,0.802640,0.933228,0.927036,0.840152,0.853081,0.962176
1.070665,0.907213,0.913563,0.990187,0.734498,0.891441,0.882452,0.888441
1.019831,0.739059,1.007525,0.956101,0.799613,0.923624,0.908098,0.886049
0.992162,0.975670,0.987677,0.897734,0.781927,0.832179,0.843620,0.942407
0.721694,0.885554,0.901948,0.981186,1.003655,0.986815,0.801866,0.681668
0.988023,1.011270,0.929397,0.953339,0.821842,0.718199,0.917323,0.835116
0.881322,0.814840,0.888472,0.809146,0.890782,0.935549,0.856667,0.801783
0.851710,0.842228,0.967938,1.138487,1.059002,0.894441,0.864069,1.033475
0.968495,1.043312,0.923911,0.803091,0.967571,0.782624,0.943490,0.789187
1.135099,0.985149,0.874840,0.932644,0.951670,0.949007,0.855271,0.834684
0.853076,0.784845,0.991360,0.724852,0.889611,0.898556,0.854486,0.964507
0.675435,0.961574,0.847397,0.995063,0.803927,0.938693,0.819999,1.062975
0.715425,0.759137,0.823263,0.843299,0.890200,0.890702,0.940571,0.827396
0.898220,1.100427,1.051992,0.954451,0.958065,0.931682,1.039464,0.834255
1.004516,0.943511,0.971323,0.896059,0.943011,0.716114,0.999111,0.830772
0.765541,0.987296,0.900187,0.792382,0.961030,0.961242,0.984518,0.874200
0.756459,0.953497,0.868110,0.787652,0.833514,1.012544,0.914128,0.869117
0.731170,0.890564,0.729912,1.092532,0.888180,0.958247,0.818554,1.002162
1.007799,0.805862,0.748271,1.008495,0.870953,1.137587,0.905334,0.831675
0.921974,0.947398,0.932388,0.829922,0.831055,0.769774,0.935475,0.798490
0.818517,1.052737,0.855737,0.838678,0.889581,0.934404,0.756477,0.978889
0.801142,0.994303,0.845762,1.048364,0.933183,0.758451,0.845349,0.768852
0.876793,0.857141,0.927838,0.861894,0.742986,0.850505,0.626403,0.751547
0.917032,0.849112,1.043255,1.021793,0.791522,0.880567,0.986331,0.895966
0.949510,0.976151,0.816363,0.673995,0.845754,0.920511,0.954741,0.905935
0.802771,0.680660,0.786341,0.904677,0.845087,0.783459,1.055939,0.847257
0.825117,0.883054,0.880203,0.807200,0.925148,1.046486,1.022142,0.846296
0.879922,0.881870,0.744142,0.890377,0.631394,0.903330,1.071012,0.884818
0.762603,0.972075,0.923867,0.929849,0.914475,0.874714,0.936850,0.791132
0.883159,0.947575,0.969197,0.869957,0.937017,0.822262,1.051045,0.982023
0.965749,0.928156,0.710922,0.795270,0.923229,0.865663,1.026448,0.893534
0.783280,1.042912,0.991368,0.961959,0.805687,1.082804,0.938273,0.928912
0.774269,1.039198,0.905373,0.934610,0.881093,1.071642,0.882804,0.994276
0.754039,0.871129,0.845470,0.881454,0.821688,0.959684,0.971301,0.775972
1.166285,0.672565,0.955080,0.942686,0.844840,0.936334,0.764604,0.879838
0.866114,0.835692,0.973308,0.989603,0.930554,0.820416,0.775678,0.824668
0.828651,0.929497,0.907827,0.780619,1.011341,0.864137,0.703922,1.006048
0.843385,1.016729,0.873498,0.832889,1.022724,0.794723,0.801263,0.918279
0.895628,0.830621,0.873325,0.822744,0.885933,0.935490,0.881157,0.884168
0.693002,0.912045,0.825698,0.833732,0.850944,0.850495,0.845656,0.942566
0.973443,1.016763,0.920403,0.701436,0.982878,0.746468,1.071431,1.009310
0.919014,0.871433,1.017550,0.895931,1.113414,0.945944,0.853570,0.975853
0.772703,0.682053,1.121896,1.070917,0.787402,0.994905,0.795350,1.073471
0.903416,0.941382,0.881352,1.046168,0.767314,0.972095,0.956089,0.793337
0.720480,0.697483,1.000215,0.977652,1.136428,1.084590,0.742307,0.965161
0.974563,0.860623,0.883955,0.978554,0.793871,1.108629,0.840119,0.801292
0.909472,0.856066,0.985037,0.866038,0.801357,0.853601,0.946971,1.035235
1.057210,0.819895,0.954345,1.047679,0.921600,0.991347,0.935107,0.862312
0.697617,0.961828,0.716136,1.066606,0.860728,0.931764,1.030768,0.714512
0.965078,0.865079,0.881154,1.091624,1.056218,0.865641,0.943845,1.007885
0.830052,0.875503,0.751572,0.878053,0.918084,0.855130,0.927502,0.928100
0.986906,0.813063,0.968406,0.968339,0.930699,0.899788,0.874362,0.872280
0.932636,1.059847,0.864215,0.882450,0.724979,0.880077,0.855942,0.817434
0.998255,0.978510,0.821291,0.883379,0.949871,0.917436,0.975250,0.924106
0.878530,0.954082,0.903928,0.874274,1.024820,1.078989,0.963631,0.773260
1.024039,0.804110,0.830089,0.883941,0.746383,0.984475,0.817986,0.905300
0.940394,0.878330,0.910735,0.643085,0.866478,0.837911,0.962736,1.041159
1.024998,0.879890,1.042174,0.916407,0.807211,0.986197,0.996203,0.792025
0.947238,0.828279,0.923846,0.996304,0.939327,0.937308,0.980899,0.826812
0.998583,0.954845,0.850362,0.920957,0.894037,0.930317,0.819354,0.995615
0.916830,0.989922,0.836333,1.006180,0.814348,0.950458,0.857310,0.861830
0.880841,1.057627,0.892129,0.819607,0.946151,0.961924,0.940964,0.897872
1.064640,0.919633,0.915211,1.050844,0.972402,0.814647,0.906433,0.988435
0.945178,0.783490,0.943641,1.002265,0.880755,1.037580,0.784963,0.989696
0.972671,0.985214,0.823008,0.877153,0.746809,1.022963,0.730623,0.991631
0.992393,0.966282,0.939172,0.875424,0.700971,0.757815,1.062732,0.798582
0.872212,0.939041,0.966987,1.042712,0.789720,1.024781,1.070621,0.793984
0.985454,0.842061,0.895806,0.784585,0.849704,0.851031,0.843406,0.929452
0.852753,0.947815,1.019121,0.957855,0.864655,0.930811,0.864808,0.933367
0.925619,0.869869,1.190948,0.874417,0.880694,0.690511,0.867227,0.837173
0.787283,0.899065,1.069377,1.073121,0.870848,0.852720,0.966104,0.812988
0.883340,0.902178,0.886900,0.891459,0.870056,1.057177,0.889661,0.961503
1.005889,0.927092,0.889960,0.765650,0.902231,0.805183,0.860940,1.003773
0.934332,0.957960,0.852549,0.925573,0.585087,0.863167,0.814779,1.105325
0.956993,1.075620,0.767415,1.013408,0.921078,0.746237,0.852477,1.060096
0.886042,1.046775,0.992011,1.038944,0.961307,0.935757,0.748776,1.028316
0.834497,0.862105,0.978867,0.879699,0.944585,0.976273,0.926476,0.887475
0.978319,0.960393,0.929774,0.795835,1.005353,0.966444,0.869553,0.897209
0.879554,1.119423,0.725426,1.156899,0.807810,0.923354,0.881040,0.727983
0.748457,0.834693,0.949870,0.828086,0.897315,0.892918,0.896526,0.911526
0.980210,0.971496,0.850035,0.938276,1.045564,0.945804,0.901123,0.861190
0.870473,0.869445,0.989420,0.891249,0.768960,0.930757,0.764472,0.761165
0.760588,1.182158,0.951299,0.932211,0.827271,1.005213,1.040771,0.882657
0.941841,1.010471,0.703728,0.820511,0.658965,0.845912,1.001904,0.918021
0.803009,0.912327,0.944475,0.844776,0.700333,0.905856,0.973722,0.939288
0.982822,0.859868,0.889199,0.796555,0.871106,0.723524,0.999118,1.010341
0.744835,0.897157,0.827961,0.847434,0.874345,0.860436,0.859804,0.856522
1.016019,0.946721,0.871603,0.942033,0.904844,0.904300,0.948612,0.879835
0.950361,0.868602,0.893131,1.003929,0.647980,0.883144,1.011118,0.909658
0.720599,0.928344,1.111471,0.879702,0.839431,0.881629,1.030483,0.963143
1.025827,0.675514,1.112037,1.029023,0.768266,0.971223,0.883971,0.885007
0.922730,0.785222,0.953199,0.991580,0.803615,0.964078,1.159786,0.942738
0.814164,0.984130,0.921636,0.954709,0.801829,0.954159,0.715010,0.947467
0.736959,1.111173,1.062708,0.850057,0.933296,0.897510,0.813911,0.903511
0.954823,1.013487,0.817386,0.974279,0.965153,1.136861,0.912124,0.982953
0.936427,1.005997,0.769337,0.974880,0.925482,0.950451,0.826001,0.861776
0.876413,0.801385,0.902546,0.826744,0.891576,0.885666,0.990713,0.811718
0.795022,0.883685,0.944172,1.002045,0.870506,0.759532,0.956789,0.973022
1.014102,0.978152,0.883977,0.873058,0.762693,0.981158,0.901174,0.936029
0.896795,0.744161,0.890556,0.809095,0.907766,0.968916,0.862972,0.837055
1.003233,0.885090,1.038936,0.614793,0.792326,1.091226,0.941067,0.967303
0.970047,0.830592,0.965977,1.026826,0.899157,0.891864,0.867411,0.795499
0.856593,0.980116,1.010449,1.079867,0.957745,1.002696,0.830406,0.846045
0.768928,0.949391,0.749160,0.822385,0.869104,0.859619,0.897090,0.876613
0.838894,0.782821,0.847107,1.039357,0.820326,1.046024,0.735610,0.913766
1.041607,0.830354,0.980729,0.787583,0.907231,1.070461,0.888902,1.157488
0.885690,0.764482,1.011652,0.893230,0.910582,0.885778,0.892568,0.804816
0.845629,0.839492,1.021830,0.740011,0.717132,0.943096,0.804177,0.944810
0.637862,0.959677,1.032538,0.813148,0.940675,0.943228,0.987543,0.877181
0.860795,1.013924,1.011272,0.763388,1.035797,1.010842,0.894746,0.873035
0.929887,0.921146,1.003106,1.028314,1.068493,0.856282,0.905275,0.859355
0.937163,0.891774,0.922942,0.842538,0.820149,0.964515,0.826073,0.987994
0.817162,0.769480,0.853716,0.862112,1.034091,0.926243,0.907250,1.133373
0.937356,0.840235,0.842964,0.817963,0.983308,0.889117,0.900847,0.969890
0.759087,0.782279,0.902748,0.726957,0.859299,0.868022,0.871949,0.751623
1.073521,1.065841,0.758273,0.789764,0.753041,0.679065,1.000201,0.949092
1.105729,0.791749,0.847047,0.856174,0.895358,1.095295,0.851660,0.965563
0.827436,0.824128,0.891310,0.921790,0.894215,0.976531,0.759784,0.952117
1.070165,0.947673,0.936816,0.707772,0.998127,0.693607,1.088061,0.779372
1.029630,0.946893,0.916328,0.723290,0.763872,0.846991,0.796803,0.740527
0.945774,0.843129,0.909155,1.147712,0.867047,0.876383,0.893418,0.830500
0.898236,1.004476,1.016528,0.976218,0.858910,0.652502,0.976577,0.690420
0.924456,0.859153,0.806101,0.881220,0.872499,1.022818,0.790018,1.007508
0.896515,0.955426,0.994591,0.842640,1.023386,0.893060,1.035479,0.724086
0.765461,0.859394,1.029442,0.828963,0.783826,0.795427,0.857446,0.822695
0.941622,0.807204,0.910405,0.822945,0.828471,0.868239,0.759409,0.893653
0.944123,0.748031,0.940106,0.720828,0.914420,0.957591,0.745333,1.053079
0.752815,0.845246,1.003671,0.937330,0.925845,1.034845,0.942630,0.747776
1.141954,0.989129,0.874948,1.188035,1.114740,0.870508,0.908390,0.850084
0.808072,0.882175,1.048439,0.809007,0.809782,0.905209,1.088516,0.815808
0.957416,0.876660,0.745580,0.919859,0.925780,0.837319,0.896695,0.884691
0.808549,0.834438,1.011993,0.764298,0.924782,0.880759,0.888673,0.786530
0.969570,1.050963,0.987926,1.047450,0.936675,0.825149,0.827163,0.791510
0.887450,0.761607,0.945200,1.019657,0.829824,0.949961,0.851291,1.054250
0.927109,0.962181,0.880260,0.894733,0.892438,0.693087,0.740585,0.823613
0.730217,0.867260,0.905329,0.774832,0.924639,0.806393,1.063351,0.870408
0.847438,0.958670,0.924953,1.029793,0.925263,0.854250,0.902289,0.961002
1.145690,1.079190,0.799517,1.120574,0.888961,1.002943,0.770157,0.957459
0.868789,0.897732,0.882336,0.911929,0.875581,0.998405,0.965272,0.931432
0.868055,0.960171,0.828302,1.054106,0.791009,0.741298,0.898064,0.871793
0.879538,0.906702,0.912167,0.939093,0.923003,1.047689,0.883746,0.999816
0.968447,0.822581,1.008994,0.985124,1.055642,0.977296,0.937914,0.841099
0.843690,1.022593,0.949034,0.937207,0.847724,0.935756,0.849698,0.954243
1.088555,0.848175,0.976273,0.949273,0.812196,0.916639,1.145830,0.829617
0.924916,0.997447,0.813925,1.020929,0.804376,0.921902,1.078099,0.982229
0.937685,0.952958,1.016048,0.882787,0.823902,0.986241,0.924045,0.868330
0.837192,0.848072,1.056250,0.724366,0.903188,0.979306,0.781892,0.936474
0.988248,0.748848,0.797387,0.988622,0.978597,0.814240,0.944754,0.736997
0.820987,0.800477,0.941719,0.796700,0.976818,0.736479,0.824024,1.030626
0.797119,0.862356,0.760135,1.049279,0.712103,0.939638,0.903489,0.941936
1.000720,0.914469,1.026480,1.031767,1.019347,0.801878,0.784334,0.864965
1.073237,0.946004,0.721523,0.902306,0.907321,0.891386,1.102774,0.947412
0.931254,0.967376,0.814438,1.030258,0.968263,0.891939,1.045857,0.937605
0.741442,0.854286,1.065720,0.871627,0.826965,0.909417,0.907695,1.049493
0.804269,1.053245,0.941644,0.866209,0.923619,0.914474,0.814918,1.070054
0.793016,0.958682,0.958846,0.991024,0.898997,0.894987,0.781197,0.859008
0.864632,0.946880,0.835465,0.660050,1.022534,0.974652,0.886061,0.858379
0.962769,0.742757,0.743869,1.019902,0.911674,0.867680,1.061018,0.889590
0.761994,0.958327,1.094580,0.674671,0.894284,0.819077,0.857499,0.983494
0.747292,0.917580,0.750587,0.857254,0.948467,0.991261,0.825349,1.005195
0.905211,0.872168,1.012164,0.762039,0.837773,0.947857,0.766673,0.908987
0.747627,0.730130,1.041170,0.873257,1.000331,0.912745,0.709281,0.841824
0.821646,0.746016,0.895215,0.531476,0.960839,1.037382,0.987346,0.790064
1.047209,0.818538,0.951309,0.829101,0.959040,0.812855,0.853063,0.873259
0.740192,0.807728,0.804552,0.812281,0.973044,0.925189,0.770743,0.965804
0.881206,0.795191,0.942461,0.979665,0.993744,0.860420,0.883906,0.919807
0.995928,0.937127,1.024229,0.789497,0.760002,0.757846,0.888776,0.927429
0.775935,1.115363,0.975593,0.935127,0.903925,0.878685,0.970357,1.077398
0.868239,0.852962,0.900452,0.972314,0.894202,0.780768,0.883066,0.994447
0.766984,0.996455,0.859761,0.824541,0.916833,0.842405,0.809797,0.850858
0.819062,1.010153,1.094266,0.978692,0.815125,1.074204,0.865461,0.959283
0.791506,0.912465,0.805900,0.955001,0.916226,0.903856,0.963276,0.991957
0.796272,0.944396,1.074277,0.811665,0.888032,0.773709,0.882816,0.848254
0.823404,0.829183,0.813910,1.003925,0.860098,1.088926,0.882803,0.951327
0.901159,1.017218,0.920571,0.828944,0.802745,0.813163,1.011769,0.887752
0.738261,0.814130,0.983468,1.042003,0.919694,0.872585,1.032740,0.847488
0.879565,1.065513,0.787499,0.975810,0.910926,0.808508,0.855803,0.686968
0.951273,0.841886,0.766282,1.020187,0.706479,0.944263,0.704333,0.903214
0.805215,1.145602,0.951314,0.983892,0.913965,0.808292,1.063995,1.085000
0.900876,1.111284,1.153547,0.880355,0.758183,0.854132,0.919347,0.913314
0.993055,0.909566,0.908394,0.831469,1.077645,0.944964,0.880085,1.021237
0.998778,0.873506,1.037448,0.942180,0.847662,0.917601,0.982824,0.878309
0.908394,0.961908,0.900115,0.814726,0.894455,0.967924,0.917492,0.777369
1.020339,0.693599,0.911108,1.093118,0.808891,0.884155,0.974795,0.926062
0.722521,0.940203,0.899291,1.027670,0.908756,0.993080,0.864084,0.813760
0.959173,0.892113,0.805297,0.874269,0.692146,0.981375,0.992047,0.859115
0.797265,0.919639,0.944350,0.697631,0.848422,0.876751,0.769133,1.044742
0.875371,0.933179,1.040394,0.923688,0.910229,0.830684,0.891304,0.831990
1.017243,0.835996,0.778216,0.856669,0.808438,0.689489,1.172152,0.968527
0.865650,0.900960,1.129075,0.892950,1.095398,0.885023,0.883302,0.941336
0.845178,0.905121,0.896606,0.989813,0.985004,1.008055,0.989203,0.865713
0.913952,0.958798,1.056458,0.871435,0.956280,0.890951,0.961602,0.726765
0.919234,0.798865,0.928948,0.854800,1.030705,0.942538,0.946523,0.977918
0.824188,0.953373,0.896007,0.975632,0.912528,0.994543,0.989261,0.734928
1.045991,0.876698,1.059605,0.828867,1.074225,1.114926,1.016672,0.982084
0.848399,0.982301,0.717187,0.962803,0.833520,1.052698,0.892220,1.129531
0.724847,0.938876,0.973707,0.950847,0.963542,0.860306,0.963337,0.735091
1.044466,0.764091,0.757905,0.727283,1.009450,0.885328,0.933434,0.850478
0.808203,0.830058,1.086278,1.116385,0.909395,0.852576,0.760736,0.895284
0.804701,1.008576,0.992697,0.887646,0.918105,1.067460,1.059511,0.976391
0.948316,1.006340,0.810837,1.139024,0.883787,0.932913,0.915514,0.913198
0.941287,0.707959,0.981459,1.071214,0.837594,0.824267,0.921218,0.925880
0.873326,0.934801,0.891758,0.819667,0.732088,0.873936,0.960689,0.868104
0.945505,0.780882,0.841009,0.939523,0.859466,0.882084,0.881328,1.003672
0.848467,0.893705,0.934416,0.882265,1.031991,0.921408,0.899200,0.954129
0.862400,0.789303,0.930375,0.927296,1.017519,0.811715,0.801583,0.766255
0.880996,0.791454,0.860035,0.886012,0.862886,0.802725,0.870003,0.974269
0.868839,0.826044,0.984248,0.923065,0.928136,1.025746,0.838739,0.879205
0.814624,0.854263,0.794868,0.886260,1.029016,1.028666,0.754075,1.029443
0.819833,0.810197,0.823580,0.847804,1.089640,1.098277,0.858222,0.780316
0.826885,0.927538,0.772193,0.735367,0.685979,0.973533,0.899893,0.842858
0.775483,0.901918,0.942678,0.983903,0.977800,0.919451,0.909883,0.795000
1.035724,1.056316,0.966899,0.924734,0.972160,0.893720,0.971501,0.768289
0.962667,1.018233,0.851932,0.913117,0.936459,1.064266,0.737785,0.964379
0.958440,0.883185,0.878982,0.948651,0.724034,0.877350,1.003920,0.927901
0.895285,0.836471,0.850810,0.915322,0.820293,0.823238,0.736824,0.813167
1.127769,0.770634,0.740298,1.136728,0.605339,0.880467,0.797218,0.770175
0.929097,0.913596,0.889723,0.998124,0.982838,0.951324,0.873226,0.871992
0.854404,0.854165,1.060321,0.907318,0.878118,0.832402,1.002839,0.788979
0.860725,0.900212,1.049177,0.859631,0.999030,0.947480,1.021284,0.851132
0.881077,0.854321,0.909971,1.043771,0.898105,0.963017,0.929669,0.845225
0.833347,0.930559,0.967143,0.821388,0.958856,1.026462,0.967138,0.781167
0.621790,0.852078,0.928587,0.981293,0.877809,0.814511,0.763114,0.913480
0.854154,0.779579,0.982833,0.947693,0.939350,0.989833,0.857351,0.799235
0.742399,1.010336,1.045314,0.854572,0.787826,0.979364,1.006384,0.540723
0.839011,0.893951,0.711664,0.843648,0.927712,0.861477,0.924549,0.962799
0.915998,0.996010,0.705332,1.061622,0.899411,0.813807,0.756887,0.993386
0.988937,0.589051,0.836456,0.896944,0.976726,0.751746,0.986614,0.935274
0.940976,0.897027,0.836462,1.217630,1.024729,1.011473,0.917790,0.732321
0.891215,0.718057,0.872632,1.018639,0.972248,0.823476,0.637037,0.884811
0.928925,1.008377,0.719318,0.894604,1.003775,0.826978,0.815261,0.833912
0.769494,0.886427,0.921519,0.701130,1.028710,0.919086,0.861019,0.803236
0.848163,1.063792,1.058853,0.948360,1.067275,0.791436,1.051997,0.992866
0.993924,0.869971,0.830427,0.865317,0.939582,0.991744,0.847277,0.944917
1.004607,0.939542,0.865621,0.883164,0.921242,0.966970,0.807100,0.670549
0.752346,0.888353,1.140150,0.817562,1.053286,0.867366,0.763290,0.969175
0.948306,1.071165,1.123174,0.746407,0.889559,0.805403,0.724331,0.900959
1.005108,0.814175,1.168809,0.875530,1.019922,0.856985,0.824920,0.869158
1.038316,1.022191,0.928666,0.852764,0.917288,0.777997,0.889954,0.916284
0.838441,0.859504,0.890523,0.977083,1.061810,1.092343,0.777411,0.847751
1.040589,0.761932,1.018713,0.865025,1.038201,1.008580,0.807404,0.904525
0.821553,0.934085,0.971172,0.867174,0.922059,0.815321,0.861978,0.928915
0.716632,1.099370,0.901559,0.819652,0.993848,0.862438,0.877730,0.817030
0.862380,1.067598,0.948539,0.946561,0.797366,0.847548,0.953268,0.934655
0.786847,0.903481,0.947609,0.994807,0.796218,0.949603,0.825139,0.794517
0.706360,0.952511,0.907823,0.771735,0.883006,0.938645,1.077037,0.968299
0.928032,0.880400,0.849493,0.971719,0.947014,0.795074,0.855516,0.921176
1.103957,1.010845,0.927168,0.973556,0.901989,1.021581,1.023704,1.059195
0.875007,0.816049,1.000773,0.886591,0.982744,0.827699,0.845823,0.906485
0.810618,0.721585,0.829859,0.947168,0.818471,0.835295,0.885320,0.912270
1.061395,1.076878,0.987010,0.885352,0.990380,1.047870,0.964032,0.839695
0.975878,1.097997,1.003997,0.826845,0.752730,0.967855,0.994717,0.898431
0.953938,0.925667,0.857344,0.933903,0.792796,0.910660,0.753482,0.931122
0.938464,0.902298,0.993352,1.016898,0.870290,0.856918,0.917218,0.967344
0.996911,0.796535,0.865638,1.019044,0.745746,0.923592,0.923010,0.953424
0.925783,0.921787,0.901187,0.932949,0.966595,0.644631,0.910481,1.046294
0.943690,0.951422,1.048139,0.911937,0.847985,1.046127,1.027928,0.995771
1.062702,0.872501,0.872079,0.939932,0.815365,0.956448,0.956221,0.768376
0.877995,0.911124,1.028773,0.932391,0.917782,0.841859,0.731179,0.800505
0.752073,0.881519,0.950392,0.900859,1.024043,0.892834,1.025295,0.837580
0.899475,0.934918,0.945817,0.950948,0.970123,0.857425,1.045656,0.784502
0.835084,1.011204,0.968688,0.887979,0.931784,0.984299,1.050431,0.959427
0.960996,0.886590,0.749476,0.861936,0.928230,1.043151,1.006458,0.932175
0.741385,0.869711,1.124361,0.958045,0.835861,0.976277,0.985786,0.905112
0.980784,1.025962,0.992957,0.894489,0.944088,0.932493,0.717894,0.815195
1.000282,0.811372,0.899649,0.926007,0.902532,0.901299,0.863304,0.874600
0.904028,0.867767,1.039108,0.767920,0.913008,0.686243,1.097270,0.657414
0.862958,0.783415,0.787144,0.769434,0.846700,0.919307,0.997346,0.822195
0.765132,0.852189,1.043829,0.828025,0.841944,0.828803,0.757713,0.961309
1.043770,0.815762,0.965541,0.727002,0.702788,0.810243,0.789139,0.984179
1.037020,0.997775,0.998115,0.891375,0.728844,0.840236,0.890026,0.836605
0.899392,1.048761,0.826521,0.976425,0.937701,0.702085,0.948417,1.117892
0.757992,0.822911,0.914529,0.946001,0.796253,0.946540,0.799005,0.887049
0.732460,0.837126,0.918266,0.988327,0.922885,0.996667,1.052205,0.811055
0.809213,1.039720,0.938486,0.887463,0.898849,0.835137,0.857461,1.133047
0.926661,0.868935,0.917621,0.959666,0.785563,0.845659,0.869115,0.991489
0.939720,1.040110,1.020683,0.947147,0.968937,0.793001,0.934502,0.878880
0.703507,0.859126,1.082723,0.985089,0.772529,0.876616,0.874708,0.946241
0.978325,1.011896,0.809713,0.948123,0.788165,0.838657,0.915798,0.924950
1.130150,0.918634,0.914259,0.923661,0.849952,0.825048,0.972100,0.990137
1.034930,1.001546,0.954998,0.729355,1.022964,0.842337,0.814203,1.017554
1.031688,0.818563,0.839821,0.984916,1.093781,0.819229,0.791553,0.978303
0.923067,0.863992,0.939806,1.001981,0.998867,0.990299,0.835883,0.864703
0.715163,1.027823,0.898788,0.886477,0.880058,0.929032,0.840039,0.946038
0.989353,0.867484,0.861793,1.041437,0.991521,1.052135,0.913827,0.887084
0.973355,1.061878,0.980196,0.745621,1.018659,0.976366,0.831602,0.843290
1.027100,0.680104,0.945243,0.895327,0.672395,0.880488,0.953628,0.913497
0.918431,0.994512,0.894204,1.062174,0.755420,0.813910,0.876941,1.014717
1.008925,1.070095,0.857393,0.759572,0.845621,0.768570,0.939063,0.857610
0.731566,1.035996,0.944684,0.661374,1.040969,0.810315,0.924094,0.943425
0.902301,0.963005,1.032842,0.822922,0.824510,0.980567,0.782578,0.796617
0.981049,0.750943,1.019372,0.806142,0.851390,0.705824,1.030262,0.797622
0.931274,0.913835,1.005648,0.832899,0.967413,0.917313,0.699236,0.788989
0.833960,0.926053,1.138831,0.897447,0.808042,0.997208,0.930319,1.007728
0.840183,0.995493,0.854560,0.917670,0.864157,0.885006,0.773695,1.105349
1.010446,0.923795,0.876929,0.850967,0.743727,0.730645,0.892659,0.965580
0.995150,0.841516,0.927636,0.928992,0.889424,0.955987,0.968402,0.924037
0.779541,0.809812,0.918150,0.955978,1.029556,0.893355,0.952500,0.686302
0.875893,0.757812,0.887540,0.866748,0.734592,0.796970,0.788566,0.786309
0.933689,1.028611,0.954610,0.892564,0.818536,0.845895,0.854684,0.924608
0.858835,0.738051,0.851062,1.009571,0.912027,1.011432,0.919167,0.764787
1.035429,1.248056,1.062973,0.754683,0.852893,0.900730,1.125359,1.011673
0.958158,1.069952,0.891034,0.884207,0.752952,0.775908,0.694045,0.991965
1.053861,0.960937,0.886204,0.908179,1.158636,1.063172,0.989658,0.992696
0.997196,0.753540,0.714005,0.959159,0.926986,0.891637,0.712956,0.831168