0.560388,0.558159,0.567376,0.748288,0.576926,0.708897,0.701621,0.724023
0.648711,0.642578,0.676081,0.723977,0.655720,0.683787,0.685094,0.679394
0.622269,0.498152,0.655818,0.571559,0.657632,0.685476,0.665409,0.616855
0.758496,0.577449,0.617859,0.453072,0.691397,0.666343,0.675036,0.566351
0.527255,0.595502,0.506169,0.544724,0.669585,0.576621,0.622234,0.467438
0.603051,0.588125,0.564313,0.500809,0.667960,0.612653,0.590641,0.580111
0.680126,0.688659,0.707716,0.518010,0.636403,0.456471,0.639720,0.573284
0.439645,0.623569,0.532445,0.663889,0.513645,0.594881,0.707958,0.520963
0.577064,0.507989,0.508860,0.628765,0.549908,0.494944,0.456714,0.566610
0.635717,0.563342,0.585998,0.727683,0.751731,0.797675,0.622426,0.603690
0.751847,0.584298,0.593247,0.551821,0.551512,0.421483,0.658925,0.763933
0.619827,0.494023,0.630962,0.740660,0.620405,0.584585,0.555856,0.467583
0.563954,0.708533,0.400980,0.470135,0.667642,0.498971,0.748629,0.700827
0.688507,0.616642,0.499742,0.438312,0.728046,0.768492,0.744675,0.687473
0.719987,0.517985,0.631746,0.746156,0.449759,0.531845,0.477965,0.661343
0.698457,0.465647,0.700690,0.599885,0.409257,0.581610,0.565375,0.471319
0.484872,0.553601,0.543724,0.629853,0.637628,0.514372,0.750682,0.408653
0.660841,0.588783,0.715618,0.493363,0.681503,0.827704,0.677202,0.821798
0.710214,0.861967,0.698630,0.625144,0.707610,0.532470,0.725761,0.704946
0.466280,0.488111,0.739016,0.790523,0.461829,0.444391,0.545828,0.586219
0.660139,0.567808,0.624996,0.636861,0.557994,0.881611,0.602234,0.651750
0.582874,0.602816,0.522121,0.533124,0.754148,0.590443,0.759106,0.609925
0.476664,0.624522,0.504155,0.549561,0.509934,0.532649,0.652907,0.589782
0.638185,0.591006,0.716501,0.644804,0.753619,0.608746,0.801973,0.574962
0.717986,0.608028,0.472220,0.611947,0.472829,0.674426,0.632298,0.651286
0.490011,0.652499,0.598231,0.505507,0.532781,0.285511,0.675397,0.585211
0.720682,0.655685,0.655841,0.736575,0.573665,0.628156,0.435223,0.577768
0.439153,0.559292,0.698691,0.552576,0.604466,0.603436,0.622478,0.628236
0.650331,0.687037,0.584045,0.523852,0.572953,0.527116,0.456244,0.651227
0.559531,0.569466,0.530284,0.600841,0.587345,0.789700,0.478263,0.550593
0.654304,0.474639,0.703843,0.393857,0.548255,0.758422,0.809374,0.522392
0.582858,0.553203,0.665380,0.449968,0.532675,0.547204,0.654299,0.475489
0.497421,0.620388,0.507026,0.718790,0.643349,0.416617,0.552513,0.476341
0.677772,0.770058,0.582141,0.545286,0.742974,0.503156,0.695333,0.444767
0.475458,0.627993,0.809759,0.565460,0.691539,0.553066,0.588756,0.461263
0.655952,0.448377,0.684765,0.544416,0.575304,0.510811,0.781866,0.510631
0.483466,0.552567,0.519371,0.655395,0.336844,0.627639,0.727218,0.629931
0.740908,0.476687,0.631298,0.566909,0.521110,0.585134,0.649474,0.471495
0.532921,0.672340,0.454464,0.705438,0.379029,0.470274,0.621234,0.731836
0.539647,0.623573,0.636602,0.550388,0.656664,0.664124,0.677534,0.598496
0.658314,0.750525,0.516316,0.658029,0.475551,0.484522,0.708767,0.562072
0.351200,0.623814,0.617352,0.669521,0.625431,0.411335,0.630724,0.378892
0.760353,0.554526,0.683140,0.632831,0.500801,0.674665,0.659536,0.600683
0.602412,0.683535,0.624380,0.399062,0.637939,0.562066,0.653937,0.828586
0.694899,0.775454,0.539211,0.807553,0.749931,0.744479,0.588534,0.550278
0.533486,0.643761,0.603996,0.586975,0.652490,0.542543,0.340788,0.481678
0.591322,0.471611,0.580140,0.649188,0.703892,0.710291,0.591554,0.424388
0.503318,0.536671,0.656610,0.716032,0.506390,0.497699,0.516934,0.451859
0.642655,0.642724,0.707784,0.607951,0.746461,0.559782,0.502692,0.397723
0.517746,0.667398,0.578167,0.674897,0.602885,0.703414,0.578938,0.564565
0.638270,0.642806,0.702662,0.544273,0.474533,0.678484,0.776797,0.583261
0.621921,0.643430,0.550942,0.504932,0.656858,0.609188,0.514939,0.559337
0.670737,0.594745,0.687932,0.621895,0.602669,0.666919,0.810633,0.815462
0.583507,0.494904,0.518381,0.541447,0.707705,0.579824,0.587412,0.546292
0.464032,0.525774,0.729250,0.625312,0.658475,0.703543,0.682755,0.518230
0.556142,0.690549,0.675760,0.695284,0.649958,0.594472,0.570518,0.722773
0.878459,0.816899,0.659204,0.443728,0.627562,0.511841,0.526510,0.796467
0.804079,0.678924,0.704406,0.651782,0.625799,0.712707,0.506080,0.399781
0.660919,0.529272,0.620322,0.598844,0.681878,0.622836,0.642241,0.616935
0.707889,0.593694,0.742575,0.577968,0.662510,0.462158,0.713538,0.617619
0.633169,0.711132,0.505969,0.716760,0.710054,0.743946,0.646362,0.561854
0.835665,0.514594,0.570812,0.550161,0.684193,0.606087,0.556392,0.568252
0.551464,0.455747,0.608644,0.553175,0.562587,0.638223,0.589991,0.635159
0.500224,0.745680,0.464328,0.810025,0.586354,0.706424,0.442361,0.531397
0.529856,0.547577,0.496162,0.573392,0.620692,0.617093,0.684485,0.710634
0.645146,0.698006,0.597786,0.603400,0.789761,0.657856,0.712103,0.761227
0.579073,0.534091,0.681079,0.683421,0.727476,0.705931,0.570182,0.371793
0.632314,0.624032,0.709539,0.664705,0.793286,0.385335,0.473939,0.394639
0.624325,0.602904,0.696398,0.612470,0.671049,0.573847,0.812769,0.531799
0.436943,0.502934,0.601088,0.614823,0.454446,0.444326,0.585287,0.663208
0.731325,0.483489,0.597034,0.539075,0.541784,0.578073,0.559114,0.635097
0.473818,0.680018,0.704372,0.685395,0.703146,0.652434,0.682435,0.606620
0.503261,0.623875,0.727774,0.675780,0.572433,0.612249,0.649649,0.521126
0.708231,0.613313,0.793996,0.748129,0.614567,0.556125,0.600980,0.489810
0.640709,0.567035,0.561629,0.418496,0.557044,0.592718,0.585543,0.776356
0.794738,0.567634,0.550529,0.731163,0.534363,0.607619,0.478601,0.514610
0.613476,0.561113,0.590452,0.633557,0.558691,0.458332,0.631017,0.588507
0.399381,0.564232,0.624631,0.675837,0.452866,0.621652,0.595129,0.621387
0.595781,0.613040,0.724525,0.541838,0.563322,0.592317,0.578627,0.653544
0.790080,0.492601,0.463708,0.546313,0.405378,0.612930,0.636038,0.397821
0.699835,0.691668,0.590013,0.559454,0.628254,0.640672,0.481595,0.426989
0.530250,0.625399,0.712022,0.550035,0.639652,0.756043,0.668595,0.484204
0.525845,0.540664,0.645545,0.520014,0.745792,0.580510,0.738187,0.666988
0.377711,0.584721,0.578438,0.676528,0.615507,0.571861,0.469921,0.696948
0.515051,0.514613,0.625237,0.630707,0.658745,0.572838,0.606034,0.749350
0.747221,0.622069,0.617345,0.628826,0.779628,0.540844,0.704397,0.675978
0.633476,0.510405,0.568145,0.839000,0.599509,0.629179,0.754901,0.558381
0.595703,0.726558,0.629681,0.468664,0.505143,0.608390,0.497886,0.700651
0.530038,0.582365,0.759440,0.551052,0.599177,0.674962,0.463050,0.668041
0.605070,0.611228,0.664049,0.628928,0.467027,0.507948,0.702904,0.419959
0.711279,0.541528,0.561860,0.562724,0.439259,0.555135,0.598260,0.682451
0.595438,0.522258,0.573001,0.668621,0.436405,0.553269,0.560468,0.537418
0.702586,0.581575,0.610473,0.749482,0.637760,0.675271,0.489897,0.517878
0.552295,0.541326,0.416063,0.527337,0.666266,0.597260,0.448246,0.420342
0.690026,0.376273,0.527841,0.683431,0.539995,0.550603,0.633746,0.631659
0.523580,0.401254,0.574361,0.820640,0.650438,0.741824,0.727133,0.611752
0.583249,0.591064,0.661416,0.673968,0.706349,0.676015,0.522633,0.554397
0.611809,0.643133,0.626064,0.589546,0.688192,0.709797,0.551086,0.743542
0.630184,0.656262,0.681988,0.566205,0.533485,0.612231,0.736043,0.585083
0.589359,0.649712,0.617105,0.634087,0.693650,0.869158,0.642786,0.777833
0.692807,0.548032,0.689963,0.549173,0.579697,0.513737,0.549971,0.579150
0.647829,0.390961,0.524512,0.628800,0.514576,0.532000,0.541174,0.617836
0.656008,0.646121,0.602191,0.627407,0.571886,0.587950,0.654822,0.551617
0.429703,0.657578,0.656625,0.412600,0.544904,0.677839,0.450267,0.502232
0.607232,0.685881,0.475606,0.533696,0.469672,0.658823,0.775922,0.650598
0.504722,0.539251,0.731011,0.537221,0.571461,0.470494,0.700290,0.556596
0.392455,0.564133,0.660220,0.712043,0.608228,0.697120,0.675261,0.369389
0.568176,0.606855,0.633079,0.814879,0.534471,0.693979,0.485691,0.716549
0.613544,0.561819,0.613095,0.626161,0.535328,0.582828,0.649280,0.592586
0.607176,0.635629,0.583243,0.462453,0.577417,0.478313,0.535231,0.632617
0.777735,0.787499,0.542809,0.476604,0.639274,0.486652,0.636189,0.562911
0.588796,0.545294,0.778334,0.470755,0.591334,0.673026,0.569032,0.701216
0.647922,0.691323,0.688406,0.612394,0.404093,0.604306,0.601118,0.298418
0.615443,0.712525,0.570810,0.627212,0.448187,0.690267,0.633688,0.501013
0.645793,0.586147,0.612256,0.406892,0.523293,0.553134,0.574553,0.739846
0.699781,0.568196,0.496433,0.675597,0.661670,0.564294,0.600604,0.563948
0.693326,0.552100,0.606620,0.603519,0.676544,0.625638,0.552659,0.615306
0.541577,0.799569,0.557526,0.589182,0.608641,0.706542,0.443032,0.661746
0.843182,0.549393,0.724668,0.638099,0.568006,0.508420,0.723221,0.523998
0.620948,0.447401,0.583598,0.522052,0.631254,0.585009,0.603145,0.572037
0.522313,0.584078,0.632675,0.674100,0.716608,0.463722,0.607163,0.629470
0.610915,0.368397,0.627557,0.562207,0.633062,0.777366,0.656405,0.596176
0.692029,0.523827,0.573868,0.423174,0.586391,0.710278,0.567441,0.660849
0.724991,0.611863,0.616477,0.702745,0.638545,0.523399,0.564968,0.696177
0.628596,0.543136,0.522963,0.523931,0.572861,0.529139,0.527655,0.709047
0.464472,0.731736,0.437874,0.631326,0.623195,0.622719,0.528398,0.534821
0.534864,0.696798,0.493455,0.681565,0.692906,0.529814,0.548615,0.766460
0.519991,0.281812,0.477420,0.705687,0.628048,0.694877,0.467183,0.684271
0.597794,0.504853,0.592471,0.648501,0.656867,0.662479,0.667258,0.824119
0.631676,0.724630,0.617641,0.575951,0.545350,0.578892,0.578170,0.656836
0.759188,0.718184,0.528873,0.780027,0.812425,0.652239,0.523131,0.537523
0.541814,0.603691,0.511348,0.619740,0.424052,0.603153,0.584589,0.759116
0.493870,0.660545,0.495606,0.791023,0.477806,0.551772,0.483671,0.664893
0.717390,0.557367,0.604072,0.667593,0.635448,0.535624,0.600086,0.697236
0.407329,0.502811,0.618548,0.631852,0.528181,0.739527,0.735584,0.637845
0.582964,0.647205,0.571951,0.487301,0.373566,0.506335,0.576819,0.598756
0.614077,0.519695,0.609300,0.442624,0.518062,0.660858,0.528044,0.626456
0.609885,0.565805,0.626990,0.601701,0.494589,0.654629,0.458203,0.534820
0.598387,0.673732,0.645012,0.696803,0.689533,0.445869,0.591971,0.787391
0.638204,0.419276,0.504782,0.550373,0.605265,0.686627,0.546654,0.405078
0.812852,0.747838,0.602309,0.496321,0.697000,0.532295,0.584294,0.577446
0.548265,0.630914,0.455648,0.535056,0.554396,0.707696,0.492957,0.562674
0.587043,0.496149,0.466934,0.465846,0.605828,0.687636,0.551451,0.531829
0.520807,0.440069,0.758136,0.419699,0.577193,0.463821,0.608888,0.452085
0.614487,0.655684,0.492823,0.584917,0.538744,0.681799,0.627044,0.384161
0.557273,0.694774,0.574556,0.546366,0.662753,0.451115,0.525389,0.580607
0.595745,0.554695,0.699409,0.859839,0.573285,0.582448,0.687396,0.545866
0.651550,0.596034,0.582149,0.439486,0.858711,0.681800,0.408976,0.625318
0.740819,0.769092,0.562685,0.659585,0.756724,0.512709,0.433540,0.584321
0.604955,0.586254,0.557115,0.556757,0.703474,0.641618,0.656388,0.592346
0.606024,0.478873,0.669131,0.555417,0.509641,0.623827,0.681134,0.510887
0.601009,0.678063,0.541263,0.620323,0.483175,0.519247,0.556621,0.642735
0.434976,0.739040,0.681129,0.661029,0.668033,0.439442,0.564553,0.693143
0.497134,0.629661,0.668584,0.405718,0.499230,0.406203,0.773263,0.608018
0.583436,0.584033,0.561303,0.763108,0.479194,0.551563,0.726818,0.580150
0.455646,0.375544,0.517911,0.677563,0.446877,0.502105,0.644189,0.778589
0.441132,0.566254,0.715893,0.649530,0.656199,0.623822,0.683095,0.697477
0.586562,0.505777,0.619442,0.616227,0.723472,0.613936,0.649543,0.558008
0.840823,0.693229,0.713114,0.545757,0.582188,0.671602,0.529005,0.436112
0.638903,0.646391,0.639712,0.644612,0.806431,0.675854,0.634630,0.579801
0.493301,0.658288,0.501054,0.629483,0.535181,0.492567,0.561091,0.605240
0.775496,0.549976,0.512217,0.554018,0.712319,0.644526,0.622320,0.452574
0.665779,0.606021,0.680661,0.619263,0.410294,0.813431,0.628275,0.538946
0.585105,0.470650,0.700582,0.550689,0.774659,0.734185,0.666053,0.718996
0.634424,0.616837,0.505287,0.559901,0.678444,0.433270,0.680948,0.537559
0.625622,0.454630,0.661267,0.617461,0.478240,0.716141,0.492131,0.508002
0.750409,0.644204,0.696780,0.734589,0.564226,0.776770,0.688891,0.596976
0.531859,0.552079,0.351382,0.680137,0.773292,0.765689,0.676114,0.695306
0.584839,0.636487,0.514069,0.578732,0.592408,0.466516,0.541634,0.503856
0.731405,0.668866,0.581032,0.608940,0.567230,0.429874,0.791658,0.455953
0.506265,0.573917,0.463968,0.554234,0.447668,0.656205,0.653295,0.582520
0.544282,0.585189,0.623974,0.433745,0.418884,0.445153,0.601273,0.714612
0.493940,0.496325,0.610030,0.378106,0.674688,0.598145,0.736624,0.528002
0.500296,0.540255,0.476160,0.733845,0.536609,0.565496,0.727429,0.728768
0.720149,0.735606,0.670388,0.477122,0.554313,0.606175,0.401358,0.667470
0.554550,0.527118,0.365426,0.669099,0.441682,0.722168,0.388108,0.724198
0.591913,0.494105,0.522591,0.654116,0.408098,0.608959,0.830295,0.455735
0.732851,0.515851,0.498982,0.695900,0.597668,0.514888,0.793303,0.595976
0.528722,0.471601,0.533902,0.450470,0.693118,0.475756,0.787459,0.736040
0.568193,0.504487,0.667522,0.678990,0.732525,0.659426,0.718409,0.759517
0.822495,0.569756,0.578934,0.717979,0.721469,0.693151,0.571673,0.810298
0.478860,0.677069,0.620389,0.487304,0.374822,0.791928,0.569583,0.556204
0.543577,0.554933,0.640148,0.542481,0.564014,0.719930,0.652215,0.686367
0.683442,0.441260,0.507251,0.578508,0.747487,0.568053,0.586752,0.564500
0.552578,0.594500,0.715740,0.607706,0.728426,0.794734,0.718078,0.713730
0.553185,0.400796,0.708545,0.489795,0.535452,0.544383,0.618080,0.652086
0.630154,0.858535,0.461261,0.732914,0.538211,0.670597,0.636313,0.643385
0.438977,0.464727,0.688358,0.585926,0.783260,0.749446,0.400624,0.674007
0.668706,0.514579,0.540412,0.530808,0.610942,0.714377,0.703062,0.569546
0.510141,0.759929,0.551287,0.494367,0.677398,0.539287,0.621598,0.797339
0.660029,0.612506,0.615660,0.590128,0.729842,0.577806,0.585803,0.465455
0.510723,0.660534,0.563122,0.860708,0.407068,0.640888,0.632993,0.693756
0.629758,0.628366,0.654102,0.535608,0.631546,0.661759,0.593272,0.573520
0.591144,0.726438,0.515214,0.599658,0.563847,0.632243,0.573142,0.528667
0.601036,0.734646,0.558085,0.754811,0.611068,0.494270,0.419750,0.720264
0.679549,0.447644,0.704690,0.551541,0.708923,0.583790,0.471918,0.459189
0.686812,0.577549,0.705444,0.803870,0.768981,0.752316,0.659855,0.825872
0.574885,0.469203,0.610328,0.774401,0.642717,0.649371,0.503381,0.677579
0.600441,0.663856,0.490671,0.655213,0.644625,0.565142,0.684037,0.537070
0.620933,0.515555,0.634378,0.510824,0.582119,0.722459,0.519266,0.667323
0.624891,0.779048,0.712559,0.584368,0.693494,0.495396,0.514570,0.597521
0.507312,0.541618,0.641286,0.472934,0.593227,0.363861,0.625525,0.664850
0.561112,0.667637,0.512286,0.447195,0.647910,0.450641,0.608763,0.679248
0.709749,0.561929,0.677210,0.429113,0.518500,0.657993,0.509382,0.748492
0.577610,0.631783,0.665982,0.568708,0.448962,0.648552,0.641792,0.604785
0.621306,0.628909,0.631070,0.777534,0.588209,1.027747,0.621474,0.536328
0.650904,0.471904,0.654228,0.494239,0.561497,0.615859,0.489598,0.621199
0.502733,0.621044,0.687908,0.438048,0.633903,0.618358,0.581986,0.758798
0.467094,0.544912,0.620488,0.729963,0.683358,0.761887,0.561006,0.532746
0.706772,0.612525,0.611473,0.429804,0.469057,0.570983,0.450887,0.664581
0.511866,0.574420,0.725455,0.608487,0.606880,0.747110,0.913244,0.522530
0.505871,0.638387,0.698629,0.666817,0.607580,0.394629,0.738319,0.621543
0.618495,0.638410,0.531367,0.464831,0.608565,0.538790,0.524604,0.605625
0.712475,0.770397,0.679633,0.728101,0.445189,0.525402,0.720404,0.677189
0.598691,0.517453,0.574881,0.403750,0.586459,0.546090,0.675176,0.552769
0.393742,0.560158,0.684847,0.665201,0.581926,0.559721,0.545076,0.595967
0.528123,0.635581,0.552540,0.541798,0.572509,0.633346,0.561213,0.581925
0.660101,0.678063,0.707552,0.580046,0.745359,0.494220,0.561738,0.680438
0.683229,0.610853,0.550647,0.576098,0.696125,0.615862,0.605457,0.573122
0.528359,0.615596,0.547581,0.482586,0.655267,0.589902,0.574802,0.569136
0.533941,0.626028,0.596753,0.691538,0.400598,0.703152,0.394202,0.716948
0.720831,0.818651,0.618465,0.748832,0.782312,0.654323,0.567090,0.686400
0.536932,0.600696,0.461592,0.578731,0.755553,0.665723,0.515123,0.686443
0.580602,0.717723,0.670431,0.494982,0.557890,0.701905,0.541120,0.450993
0.654524,0.650755,0.538059,0.641479,0.732806,0.716775,0.551805,0.582064
0.675230,0.589943,0.691372,0.585079,0.631617,0.527669,0.566457,0.567342
0.702712,0.550924,0.521928,0.492895,0.674655,0.457026,0.678548,0.653957
0.612295,0.513786,0.672875,0.678334,0.538224,0.562769,0.740711,0.576424
0.808540,0.665183,0.739128,0.550328,0.712497,0.505642,0.619954,0.440446
0.589439,0.552820,0.704902,0.592747,0.613883,0.625786,0.548172,0.605257
0.688379,0.789343,0.456995,0.400222,0.587053,0.645308,0.580243,0.524299
0.752836,0.502671,0.598081,0.685070,0.645287,0.588292,0.523703,0.553327
0.467097,0.638913,0.591681,0.592788,0.607065,0.737982,0.560990,0.766917
0.520546,0.779333,0.652864,0.551959,0.793935,0.731240,0.723099,0.506177
0.475725,0.640536,0.701984,0.607829,0.741501,0.614675,0.666898,0.592219
0.609811,0.460538,0.475702,0.525225,0.823705,0.689421,0.720227,0.552581
0.667785,0.510940,0.482416,0.731379,0.380061,0.743129,0.558213,0.625922
0.638307,0.762955,0.574902,0.771614,0.684446,0.559485,0.594533,0.632639
0.639261,0.634716,0.595821,0.601194,0.425860,0.669759,0.509816,0.612887
0.508544,0.484644,0.495796,0.787959,0.524247,0.515912,0.630331,0.589083
0.520013,0.679315,0.703184,0.448583,0.704110,0.655116,0.508468,0.528135
0.658308,0.601411,0.572141,0.689248,0.531771,0.542654,0.667101,0.745492
0.549619,0.845545,0.596831,0.596581,0.547802,0.496807,0.601850,0.570334
0.577335,0.545009,0.508153,0.540380,0.463316,0.835391,0.426012,0.752692
0.566729,0.607830,0.617903,0.489725,0.551534,0.735595,0.440648,0.571154
0.730859,0.526600,0.575395,0.663133,0.661054,0.635225,0.852314,0.638253
0.722571,0.764064,0.767285,0.596455,0.498777,0.464028,0.584368,0.624831
0.490960,0.684085,0.527890,0.654545,0.646209,0.662618,0.544200,0.500469
0.569434,0.569312,0.589342,0.480910,0.608517,0.568673,0.604852,0.460449
0.344304,0.485124,0.490206,0.510619,0.586454,0.666852,0.563425,0.762699
0.608025,0.509377,0.700615,0.591226,0.683076,0.746503,0.583784,0.629493
0.736668,0.642689,0.629718,0.470902,0.742793,0.703571,0.586697,0.500651
0.547019,0.587902,0.446263,0.526065,0.469296,0.656043,0.727675,0.604778
0.563884,0.634085,0.544869,0.685492,0.684141,0.628005,0.565171,0.785281
0.484046,0.521059,0.566933,0.566239,0.657060,0.649994,0.694504,0.592085
0.595302,0.649030,0.804370,0.469768,0.701408,0.746246,0.472512,0.723821
0.610045,0.689693,0.539890,0.801115,0.697076,0.724119,0.719788,0.587727
0.782734,0.640564,0.426004,0.519751,0.702800,0.685700,0.549436,0.752854
0.614329,0.539675,0.766562,0.643317,0.472512,0.524543,0.709592,0.679442
0.560890,0.490149,0.612247,0.551103,0.625409,0.530030,0.591131,0.618036
0.506045,0.774052,0.593482,0.756372,0.522008,0.594405,0.585267,0.643902
0.473637,0.618616,0.664546,0.646906,0.555040,0.734583,0.518247,0.605400
0.604582,0.555307,0.600763,0.657713,0.584086,0.540901,0.775042,0.494062
0.560111,0.754227,0.572011,0.502479,0.626463,0.798173,0.737015,0.643517
0.493932,0.621865,0.619768,0.929800,0.762043,0.550795,0.655858,0.508379
0.659973,0.522806,0.678952,0.748856,0.730450,0.691330,0.489443,0.651356
0.648705,0.655928,0.635366,0.529415,0.563133,0.511191,0.770846,0.540008
0.628331,0.623419,0.631366,0.513920,0.516339,0.732456,0.591892,0.534207
0.710175,0.734588,0.485154,0.594484,0.626937,0.493640,0.606054,0.556816
0.590882,0.686649,0.539455,0.647458,0.634659,0.545999,0.730432,0.731462
0.553939,0.630944,0.541627,0.516492,0.557508,0.477855,0.559910,0.641464
0.548245,0.551869,0.522801,0.652246,0.566164,0.607871,0.578791,0.619608
0.494729,0.572839,0.736502,0.599805,0.691321,0.881681,0.516787,0.733479
0.697594,0.534981,0.712278,0.529408,0.570185,0.495596,0.820018,0.574211
0.626152,0.475225,0.495351,0.621263,0.734820,0.422049,0.425738,0.645982
0.847620,0.631859,0.593662,0.682560,0.444999,0.503585,0.294452,0.606594
0.469522,0.630361,0.659389,0.671998,0.642856,0.685042,0.624776,0.580285
0.523148,0.527837,0.619632,0.600693,0.420808,0.723975,0.574299,0.755360
0.644327,0.776533,0.530633,0.550754,0.585799,0.652603,0.549823,0.419938
0.554915,0.567111,0.595003,0.580010,0.441234,0.489031,0.497345,0.737921
0.529080,0.555053,0.583294,0.579997,0.474542,0.700931,0.606885,0.581239
0.544369,0.620118,0.782016,0.636265,0.631328,0.568226,0.766891,0.722937
0.589798,0.473294,0.523735,0.741176,0.564884,0.681467,0.393130,0.552199
0.549384,0.701302,0.646057,0.496187,0.676627,0.727318,0.608276,0.668452
0.739702,0.507831,0.639272,0.549903,0.605603,0.622769,0.543496,0.625163
0.435133,0.594355,0.799883,0.554505,0.295392,0.662979,0.469421,0.473628
0.598680,0.548641,0.560221,0.698735,0.625108,0.464227,0.575229,0.501860
0.573682,0.736409,0.608888,0.735151,0.597905,0.720627,0.716183,0.623243
0.586584,0.695674,0.642078,0.685974,0.540779,0.686610,0.590302,0.585649
0.581011,0.637373,0.485801,0.653511,0.492351,0.701661,0.640002,0.698868
0.558069,0.543790,0.472635,0.449821,0.564586,0.863092,0.647194,0.697534
0.484912,0.685434,0.658492,0.635463,0.678882,0.640350,0.432268,0.563696
0.516576,0.586751,0.323179,0.589526,0.670062,0.443569,0.620844,0.692247
0.590664,0.724465,0.458443,0.574782,0.636186,0.488732,0.440966,0.656367
0.528669,0.612610,0.530407,0.543950,0.580025,0.518426,0.554611,0.615783
0.527380,0.701071,0.505919,0.482831,0.661285,0.577162,0.454516,0.692410
0.735182,0.521986,0.611143,0.795240,0.684246,0.659650,0.505804,0.571768
0.672415,0.597174,0.627469,0.643049,0.582789,0.553239,0.489939,0.730439
0.398822,0.671176,0.788705,0.401820,0.862934,0.654451,0.617387,0.583547
0.568081,0.515451,0.735847,0.628185,0.730447,0.402907,0.547863,0.644088
0.624900,0.582709,0.681213,0.765333,0.569322,0.758461,0.653317,0.659804
0.651408,0.508340,0.597712,0.609262,0.748582,0.572173,0.384606,0.550971
0.650210,0.636143,0.576555,0.375098,0.626571,0.650924,0.510827,0.539460
0.586135,0.652609,0.617242,0.428331,0.798807,0.510493,0.509297,0.441162
0.635906,0.521767,0.667432,0.492776,0.617358,0.624608,0.623037,0.573889
0.577105,0.626027,0.589326,0.528743,0.766654,0.571556,0.565927,0.629921
0.620623,0.474637,0.584641,0.558547,0.620657,0.601656,0.595945,0.737176
0.501431,0.666249,0.613227,0.739106,0.514377,0.617595,0.626090,0.607672
0.828411,0.553951,0.649711,0.587116,0.656335,0.767084,0.634374,0.732030
0.399705,0.699044,0.507544,0.511452,0.725030,0.604062,0.580111,0.654278
0.456888,0.526264,0.552144,0.691869,0.473391,0.570943,0.597985,0.758167
0.596918,0.672119,0.649471,0.641284,0.457055,0.545502,0.605444,0.533323
0.616995,0.587821,0.773815,0.708476,0.640066,0.477038,0.675578,0.619488
0.542008,0.624475,0.563722,0.544435,0.485339,0.565701,0.722152,0.708790
0.725480,0.411391,0.438137,0.628733,0.679925,0.558047,0.571967,0.386340
0.552862,0.620533,0.657574,0.600218,0.616914,0.743077,0.652799,0.481600
0.657634,0.554147,0.794512,0.429539,0.735930,0.640662,0.539434,0.538132
0.386071,0.478724,0.593877,0.644637,0.637887,0.601614,0.578532,0.528229
0.628329,0.715083,0.760329,0.619285,0.679101,0.334068,0.672629,0.526113
0.668739,0.501305,0.490989,0.710752,0.692617,0.779221,0.603674,0.532087
0.671209,0.552039,0.416116,0.630029,0.660238,0.563126,0.547192,0.516180
0.557174,0.588739,0.579571,0.530112,0.674614,0.661933,0.462505,0.461420
0.743104,0.689763,0.665149,0.635342,0.677809,0.782886,0.587445,0.548703
0.529170,0.584105,0.619738,0.502292,0.627754,0.666963,0.717346,0.654692
0.580491,0.681155,0.656786,0.567573,0.684199,0.551852,0.435783,0.538442
0.549706,0.651036,0.696246,0.624621,0.429417,0.642603,0.661551,0.531640
0.643535,0.479813,0.592858,0.670339,0.582904,0.555176,0.532005,0.530280
0.636255,0.647889,0.587209,0.493780,0.477783,0.600781,0.684116,0.590015
0.487964,0.644391,0.612309,0.514986,0.589725,0.758349,0.627710,0.560207
0.620647,0.539014,0.575439,0.720053,0.646015,0.604004,0.486816,0.484192
0.464615,0.646675,0.665420,0.632078,0.499671,0.606617,0.927995,0.834701
0.597106,0.786938,0.850069,0.710020,0.539807,0.489316,0.541789,0.536419
0.542394,0.508739,0.569017,0.488777,0.702853,0.622158,0.592811,0.527247
0.476376,0.691425,0.616524,0.636794,0.506903,0.532617,0.659975,0.585846
0.528147,0.742581,0.699457,0.743053,0.784676,0.700085,0.664505,0.650430
0.620307,0.546621,0.627198,0.557189,0.564758,0.514258,0.615424,0.464890
0.459048,0.648850,0.376860,0.738581,0.621698,0.649478,0.695761,0.492476
0.599772,0.698901,0.510840,0.663568,0.876474,0.571245,0.551582,0.490176
0.334781,0.482755,0.466797,0.535292,0.644742,0.680684,0.547318,0.680632
0.494024,0.775398,0.636602,0.668584,0.611815,0.582093,0.663585,0.475334
0.516588,0.539859,0.567798,0.425358,0.574567,0.616792,0.662059,0.769338
0.598639,0.658868,0.664734,0.582114,0.668838,0.589396,0.585371,0.664778
0.524428,0.453457,0.595010,0.446670,0.495265,0.631438,0.582208,0.582976
0.601408,0.587736,0.691139,0.561058,0.672259,0.816141,0.449306,0.518919
0.692531,0.765660,0.494313,0.463130,0.356067,0.573992,0.507847,0.441560
0.613114,0.722382,0.741317,0.507756,0.531238,0.643739,0.680138,0.649616
0.676819,0.742989,0.482163,0.552314,0.506213,0.628573,0.728336,0.319768
0.575267,0.439929,0.691760,0.585547,0.866091,0.584400,0.486228,0.786288
0.688575,0.534813,0.696220,0.632867,0.627648,0.564395,0.575967,0.496463
0.679882,0.453922,0.667072,0.524139,0.535734,0.735156,0.491552,0.680439
0.643191,0.585065,0.576390,0.597688,0.650970,0.594083,0.627485,0.820778
0.719994,0.607220,0.744414,0.720028,0.594058,0.763732,0.786209,0.490728
0.657386,0.734136,0.710154,0.407438,0.658342,0.614501,0.638988,0.492503
0.568413,0.594681,0.496350,0.520171,0.780955,0.693991,0.536862,0.581558
0.679334,0.532200,0.405817,0.723858,0.694663,0.619240,0.650742,0.610530
0.575757,0.707918,0.507378,0.606754,0.707853,0.653330,0.630188,0.626632
0.674002,0.537655,0.552471,0.722742,0.656302,0.618740,0.559906,0.767723
0.397634,0.584032,0.629708,0.605802,0.715704,0.511128,0.642803,0.834411
0.749623,0.634640,0.490569,0.714917,0.544403,0.683709,0.562775,0.678009
0.520450,0.709407,0.434312,0.505823,0.621053,0.677404,0.725389,0.537636
0.625613,0.503377,0.549315,0.526053,0.436877,0.609563,0.785558,0.781350
0.561746,0.677548,0.548206,0.507363,0.494755,0.555857,0.754085,0.512438
0.739099,0.504104,0.642803,0.545643,0.665938,0.501636,0.564912,0.547770
0.498469,0.603023,0.587900,0.507535,0.574265,0.400020,0.741080,0.491298
0.617488,0.648668,0.618419,0.651899,0.560681,0.577741,0.654912,0.535116
0.528677,0.705660,0.522078,0.439015,0.477796,0.483424,0.478026,0.618249
0.630249,0.467250,0.318732,0.674600,0.583398,0.557216,0.692360,0.533069
0.414040,0.473707,0.692325,0.746813,0.498688,0.498710,0.686572,0.563275
0.718479,0.745574,0.437771,0.582652,0.682461,0.568901,0.573762,0.682140
0.358713,0.568975,0.626131,0.710401,0.803029,0.617255,0.520562,0.636667
0.678341,0.710046,0.623183,0.595400,0.660031,0.688111,0.625366,0.569212
0.519053,0.457545,0.694805,0.718079,0.674310,0.566630,0.615517,0.611334
0.773230,0.600829,0.474239,0.459470,0.665219,0.589069,0.638907,0.667682
0.750688,0.603480,0.670043,0.529741,0.504121,0.536664,0.617635,0.421575
0.474360,0.636808,0.708331,0.478997,0.411510,0.733275,0.493998,0.593874
0.633112,0.557220,0.576399,0.531321,0.572196,0.556590,0.350156,0.481871
0.619755,0.481889,0.715554,0.682295,0.551535,0.531189,0.680220,0.671651
0.479097,0.731862,0.641082,0.536940,0.508020,0.441568,0.575809,0.311200
0.580909,0.636592,0.599342,0.497853,0.788664,0.685462,0.475447,0.606253
0.256108,0.685062,0.653601,0.397247,0.572503,0.618865,0.617868,0.701026
0.771287,0.634418,0.788397,0.694757,0.612638,0.576721,0.507769,0.382831
0.622852,0.502503,0.725761,0.708901,0.620089,0.564911,0.327636,0.759038
0.582222,0.588085,0.644096,0.591698,0.363881,0.613331,0.661016,0.536294
0.573241,0.644265,0.475734,0.713084,0.643420,0.604543,0.590733,0.583814
0.638896,0.665798,0.523605,0.455541,0.355309,0.478846,0.559736,0.587492
0.582233,0.603088,0.569087,0.560930,0.554359,0.507676,0.402384,0.534366
0.536375,0.527675,0.595810,0.593962,0.607413,0.565263,0.607355,0.864176
0.396918,0.670523,0.498466,0.459035,0.623624,0.609870,0.569838,0.556602
0.537633,0.474013,0.714267,0.675560,0.752663,0.455157,0.524903,0.438181
0.525104,0.673666,0.469455,0.615019,0.542058,0.551381,0.673136,0.476348
0.574074,0.590950,0.829455,0.559978,0.598267,0.700162,0.625512,0.580703
0.644372,0.453018,0.661807,0.743583,0.706395,0.547184,0.785076,0.544677
0.631415,0.628018,0.515621,0.828410,0.644858,0.862216,0.764679,0.551644
0.524211,0.550211,0.597310,0.431188,0.807041,0.625061,0.535015,0.576465
0.571798,0.703072,0.606871,0.761432,0.574160,0.669325,0.604477,0.506007
0.623277,0.565499,0.754009,0.555372,0.544096,0.627251,0.721072,0.566864
0.523330,0.760165,0.509101,0.464265,0.445188,0.719572,0.654267,0.686437
0.583367,0.616631,0.568833,0.563430,0.525815,0.614699,0.685612,0.688990
0.463366,0.415114,0.531419,0.555225,0.698343,0.696366,0.588229,0.590140
0.508729,0.760021,0.548678,0.585135,0.588582,0.479648,0.459865,0.713727
0.648834,0.777330,0.468216,0.660001,0.729432,0.421603,0.707587,0.693551
0.616780,0.385350,0.615335,0.625198,0.655447,0.590184,0.760094,0.621478
0.692117,0.615713,0.613352,0.614039,0.580178,0.609443,0.374021,0.577390
0.618487,0.596719,0.640773,0.374326,0.602330,0.817345,0.575027,0.511741
0.688849,0.798547,0.525723,0.549160,0.469077,0.601326,0.420270,0.599512
0.718245,0.620030,0.777547,0.519811,0.689681,0.598555,0.555094,0.590969
0.649286,0.489362,0.590726,0.481909,0.457962,0.672396,0.527917,0.636226
0.470150,0.705042,0.654133,0.657056,0.465163,0.596082,0.748028,0.778388
0.700264,0.700637,0.519876,0.522012,0.753644,0.594601,0.612017,0.678837
0.642149,0.636962,0.614785,0.723166,0.347367,0.616465,0.705580,0.730740
0.650355,0.689260,0.608209,0.443743,0.565967,0.731620,0.746479,0.617408
0.588254,0.530242,0.382795,0.580566,0.501620,0.595929,0.539763,0.662140
0.648810,0.670802,0.489532,0.617102,0.804353,0.634493,0.492137,0.679046
0.634662,0.484851,0.471630,0.567181,0.497453,0.630480,0.703621,0.436544
0.624188,0.594389,0.618124,0.547008,0.820352,0.654688,0.570984,0.613782
0.729620,0.583103,0.641246,0.557583,0.596206,0.730313,0.672906,0.460076
0.514995,0.572621,0.657058,0.583416,0.654370,0.585535,0.612762,0.570707
0.499354,0.661067,0.483781,0.473173,0.725993,0.817615,0.507392,0.486245
0.559140,0.580513,0.892620,0.709662,0.662789,0.488091,0.659772,0.648051
0.492442,0.627476,0.523728,0.628454,0.638118,0.682629,0.655927,0.853861
0.607746,0.636615,0.751046,0.522559,0.703449,0.700785,0.658915,0.637842
0.813315,0.401000,0.551666,0.616480,0.522899,0.510842,0.506435,0.547507
0.685327,0.646036,0.616713,0.621725,0.721529,0.678120,0.663147,0.446861
0.728343,0.674993,0.672280,0.644873,0.574625,0.640151,0.555954,0.467795
0.710164,0.617114,0.629261,0.521610,0.709192,0.363272,0.702171,0.650260
0.613555,0.577763,0.550955,0.355311,0.657473,0.579952,0.401148,0.548157
0.593510,0.701606,0.449287,0.764298,0.655946,0.628965,0.600054,0.633690
0.633875,0.696325,0.518700,0.610133,0.577942,0.517102,0.618188,0.464878
0.756153,0.528041,0.644050,0.576694,0.510555,0.654699,0.449904,0.623592
0.583048,0.420972,0.752052,0.504817,0.696528,0.540099,0.567392,0.318811
0.451186,0.708966,0.628933,0.744026,0.591013,0.729064,0.633887,0.551854
0.651362,0.462921,0.617687,0.561888,0.722071,0.318732,0.518664,0.748075
0.624546,0.577610,0.691228,0.303174,0.580123,0.569919,0.649858,0.627701
0.667384,0.673759,0.657984,0.663843,0.580843,0.628277,0.591689,0.679554
0.427400,0.676050,0.719024,0.583804,0.622581,0.731818,0.482943,0.702746
0.495137,0.756125,0.429585,0.771776,0.719445,0.531613,0.505678,0.627353
0.551439,0.639332,0.619213,0.716477,0.482679,0.536174,0.781409,0.543876
0.707396,0.501364,0.502711,0.720458,0.571420,0.517143,0.594514,0.537445
0.568796,0.521142,0.334353,0.560592,0.526504,0.572003,0.815380,0.430282
0.793156,0.654508,0.461954,0.793649,0.746708,0.608539,0.687432,0.474109
0.507826,0.704555,0.764973,0.545328,0.642962,0.471848,0.690204,0.641395
0.545332,0.546491,0.715627,0.741511,0.558503,0.602044,0.442419,0.707173
0.530349,0.472949,0.558390,0.518369,0.533843,0.538302,0.512466,0.646562
0.646612,0.543766,0.341823,0.676747,0.761423,0.501816,0.381227,0.570542
0.609954,0.809393,0.542947,0.512758,0.662137,0.498758,0.519559,0.399861
0.629948,0.587806,0.549333,0.467363,0.683613,0.569081,0.499190,0.637880
0.687484,0.538951,0.660656,0.477083,0.782069,0.570044,0.596366,0.596701
0.636266,0.632082,0.728988,0.611801,0.748419,0.639869,0.475528,0.437025
0.540489,0.543731,0.619743,0.488659,0.375288,0.540278,0.700164,0.565071
0.662335,0.645128,0.745744,0.568475,0.622043,0.726112,0.565396,0.650127
0.539825,0.666178,0.564458,0.515458,0.531326,0.737632,0.683039,0.688451
0.565188,0.673650,0.537104,0.589576,0.623397,0.640390,0.392560,0.670410
0.720767,0.564165,0.626204,0.777327,0.662744,0.677946,0.532224,0.496576
0.781920,0.617797,0.709199,0.574300,0.547070,0.599325,0.423570,0.514813
0.724945,0.723791,0.451534,0.817574,0.794112,0.712460,0.569817,0.565095
0.406745,0.350289,0.476188,0.657349,0.746272,0.376593,0.657762,0.554779
0.505856,0.529079,0.653494,0.427961,0.518956,0.556122,0.745768,0.534341
0.546879,0.499239,0.668962,0.623336,0.694864,0.517065,0.640121,0.635798
0.627288,0.542414,0.609403,0.619404,0.750222,0.683531,0.653804,0.658685
0.696789,0.452280,0.649584,0.413966,0.699944,0.497442,0.627510,0.735560
0.616499,0.597092,0.602108,0.483195,0.777167,0.536744,0.585070,0.400701
0.688551,0.448431,0.794500,0.557097,0.603285,0.453783,0.539601,0.845921
0.595506,0.660622,0.682321,0.552929,0.639833,0.732633,0.682861,0.622409
0.502091,0.624044,0.632086,0.648743,0.597283,0.562652,0.653593,0.568813
0.611055,0.605589,0.726288,0.507387,0.759853,0.496599,0.566805,0.561152
0.621182,0.650227,0.767914,0.612704,0.544833,0.729836,0.549532,0.633633
0.735058,0.511900,0.519131,0.617248,0.519585,0.598037,0.512547,0.511874
0.572379,0.724655,0.629035,0.587511,0.535406,0.583875,0.587076,0.649425
0.687779,0.607945,0.654604,0.490751,0.577680,0.475625,0.525021,0.542981
0.509907,0.601927,0.669491,0.673621,0.583481,0.531272,0.585111,0.500414
0.678974,0.521255,0.538265,0.450670,0.650736,0.602767,0.563145,0.561694
0.573571,0.617857,0.730133,0.482701,0.533734,0.456962,0.464535,0.313262
0.613560,0.531005,0.614030,0.478176,0.414507,0.449997,0.555499,0.562307
0.585135,0.804384,0.565650,0.559249,0.459239,0.618696,0.607500,0.725725
0.725670,0.623079,0.689816,0.664789,0.801941,0.494369,0.699860,0.580712
0.428533,0.384241,0.697760,0.556441,0.611314,0.541200,0.550474,0.666990
0.589463,0.480767,0.626983,0.637514,0.716009,0.650465,0.467633,0.659237
0.796955,0.664585,0.527680,0.634677,0.606645,0.806842,0.638852,0.684226
0.724847,0.686808,0.494192,0.462786,0.546120,0.653168,0.562580,0.502508
0.660284,0.552104,0.693807,0.701720,0.655799,0.563799,0.424238,0.587736
0.395580,0.479344,0.599011,0.630880,0.558268,0.664670,0.686869,0.731671
0.623708,0.607183,0.593826,0.762394,0.620532,0.585324,0.470756,0.406139
0.596399,0.504443,0.487229,0.567757,0.707772,0.616302,0.398989,0.466475
0.569155,0.634844,0.532494,0.612184,0.622635,0.504081,0.725142,0.643129
0.343018,0.419872,0.536415,0.495571,0.594684,0.517067,0.671857,0.433138
0.691881,0.688003,0.516646,0.592863,0.790826,0.618481,0.463440,0.515496
0.558485,0.628947,0.556391,0.574811,0.627689,0.633782,0.638871,0.690934
0.643011,0.723215,0.545712,0.668341,0.564061,0.518549,0.752284,0.577748
0.495844,0.668117,0.381158,0.668508,0.774183,0.756358,0.405421,0.625003
0.649942,0.646542,0.540998,0.527360,0.713124,0.427030,0.731270,0.502971
0.551547,0.728837,0.418348,0.563411,0.509754,0.668776,0.648302,0.536818
0.603842,0.585166,0.845292,0.428172,0.524609,0.566326,0.590189,0.612048
0.716455,0.758433,0.819247,0.831821,0.540459,0.622089,0.479249,0.760645
0.575236,0.553258,0.619441,0.645635,0.510244,0.560911,0.567872,0.423168
0.477529,0.620011,0.553476,0.656644,0.550602,0.411247,0.603703,0.581129
0.576043,0.627889,0.482357,0.548513,0.574768,0.753603,0.720787,0.523792
0.795256,0.515397,0.539307,0.403631,0.585087,0.627300,0.677289,0.487599
0.617357,0.533779,0.612378,0.390791,0.685340,0.761633,0.380423,0.707113
0.559964,0.496402,0.597785,0.511254,0.496887,0.623647,0.542238,0.444138
0.728225,0.721584,0.622165,0.496608,0.651824,0.422322,0.693945,0.470419
0.614855,0.492614,0.638576,0.641759,0.434195,0.717391,0.604304,0.607475
0.516316,0.604316,0.751013,0.621320,0.715169,0.625352,0.603740,0.547205
0.465159,0.596248,0.648646,0.602531,0.561605,0.594739,0.608399,0.533799
0.713283,0.630653,0.482829,0.683077,0.546519,0.610693,0.455121,0.832450
0.494248,0.717364,0.623255,0.584882,0.549945,0.634573,0.459043,0.526991
0.638134,0.710275,0.648523,0.706018,0.574414,0.519424,0.744334,0.443199
0.607253,0.515804,0.798112,0.629976,0.653814,0.416416,0.732506,0.746327
0.496035,0.756092,0.622904,0.572867,0.513313,0.657986,0.518763,0.396249
0.637479,0.555591,0.726169,0.515790,0.542408,0.593241,0.642329,0.577226
0.717187,0.410503,0.622781,0.676254,0.720460,0.711597,0.638605,0.475231
0.758700,0.680452,0.503015,0.341953,0.517928,0.542567,0.723173,0.698447
0.584861,0.706923,0.590082,0.601438,0.722377,0.419026,0.443201,0.523305
0.492536,0.506407,0.566067,0.522107,0.647299,0.600016,0.405731,0.537086
0.663844,0.567978,0.499542,0.738985,0.590904,0.695663,0.562575,0.459950
0.761352,0.447154,0.295738,0.592773,0.657210,0.520291,0.399208,0.554328
0.528430,0.606347,0.640624,0.616274,0.762835,0.588050,0.577409,0.475473
0.553244,0.484894,0.565183,0.748052,0.477922,0.678049,0.607239,0.848603
0.466642,0.759276,0.670227,0.542243,0.729948,0.692315,0.564651,0.770472
0.669478,0.570508,0.534981,0.559491,0.773640,0.615465,0.675232,0.547416
0.740801,0.551653,0.500900,0.590279,0.782902,0.621228,0.689863,0.588976
0.757820,0.655052,0.675416,0.495618,0.682818,0.442355,0.649113,0.705271
0.582775,0.713310,0.646952,0.435368,0.636800,0.467662,0.612349,0.569382
0.673376,0.686895,0.520659,0.589370,0.624458,0.447546,0.611126,0.483796
0.681817,0.564729,0.515834,0.615139,0.574256,0.523968,0.534055,0.635209
0.846907,0.590419,0.567833,0.710932,0.532617,0.606769,0.551030,0.536502
0.609580,0.511816,0.713301,0.633067,0.594000,0.746299,0.533240,0.675953
0.469659,0.597408,0.683345,0.647474,0.505717,0.598908,0.644790,0.627763
0.543799,0.684407,0.570767,0.740638,0.654228,0.602425,0.558576,0.614361
0.513696,0.813117,0.595897,0.523776,0.637407,0.676441,0.716030,0.630205
0.525706,0.565194,0.760816,0.625353,0.567227,0.573695,0.630827,0.599062
0.603603,0.694415,0.678447,0.598086,0.499404,0.846083,0.801521,0.547026
0.703844,0.623474,0.471689,0.615433,0.647582,0.795438,0.479341,0.597603
0.578006,0.610875,0.384127,0.566035,0.578084,0.492424,0.795248,0.631725
0.606315,0.337782,0.679850,0.506014,0.632383,0.673093,0.628501,0.498145
0.619404,0.603646,0.634354,0.523426,0.540242,0.643072,0.667226,0.751285
0.698789,0.682423,0.521624,0.667805,0.560602,0.364827,0.483450,0.626365
0.699965,0.705043,0.632663,0.576959,0.610020,0.675902,0.655815,0.471642
0.583011,0.520962,0.762419,0.551173,0.635682,0.533350,0.559701,0.507883
0.687912,0.434088,0.871823,0.599204,0.640969,0.662503,0.678342,0.644179
0.677431,0.623231,0.508400,0.698805,0.505989,0.653898,0.562442,0.396581
0.773124,0.747631,0.625401,0.514545,0.655443,0.529364,0.586474,0.677680
0.533488,0.551213,0.471619,0.469126,0.658842,0.719988,0.540526,0.562403
0.647844,0.667567,0.514590,0.590736,0.674360,0.584885,0.576740,0.562122
0.490989,0.635206,0.503756,0.584561,0.670463,0.657359,0.602454,0.657733
0.603475,0.557344,0.575093,0.685543,0.397888,0.544314,0.496000,0.680144
0.437104,0.635186,0.474396,0.544066,0.625577,0.633939,0.463716,0.547695
0.727087,0.537072,0.711792,0.747374,0.519822,0.658931,0.597942,0.749308
0.625859,0.631722,0.477255,0.488682,0.667860,0.605202,0.465229,0.504356
0.632554,0.552671,0.570108,0.604947,0.622817,0.794726,0.521227,0.680980
0.623842,0.693195,0.780226,0.741318,0.565383,0.644121,0.525811,0.568340
0.693515,0.571427,0.595474,0.756200,0.648202,0.701399,0.748537,0.564950
0.713197,0.604278,0.633644,0.761565,0.509659,0.647846,0.534370,0.699122
0.682844,0.473238,0.652220,0.819902,0.601393,0.649540,0.502337,0.511547
0.652545,0.626074,0.765216,0.498670,0.576563,0.418832,0.637274,0.630642
0.597079,0.566567,0.643329,0.561178,0.708683,0.437519,0.669113,0.683970
0.747122,0.491634,0.646247,0.694565,0.556481,0.472722,0.465941,0.673556
0.743565,0.484404,0.513475,0.588155,0.479902,0.736500,0.523613,0.424627
0.678357,0.708698,0.591080,0.465258,0.443322,0.697723,0.431161,0.565902
0.850729,0.646567,0.460913,0.513157,0.641533,0.568373,0.714373,0.498969
0.608722,0.545796,0.561095,0.599678,0.588872,0.664403,0.584373,0.485613
0.659315,0.553951,0.584436,0.614721,0.673478,0.529650,0.465541,0.556410
0.560091,0.538573,0.574543,0.737253,0.628011,0.642310,0.526176,0.529464
0.649491,0.616732,0.381975,0.516148,0.350105,0.596079,0.738027,0.554001
0.527198,0.725568,0.819914,0.598650,0.623412,0.619225,0.495302,0.505858
0.547832,0.614219,0.675060,0.587696,0.545307,0.546829,0.737186,0.592574
0.597890,0.528625,0.599847,0.764367,0.601305,0.717886,0.620884,0.602408
0.573421,0.600791,0.510105,0.572540,0.652125,0.438154,0.418590,0.490486
0.622325,0.434710,0.580121,0.651438,0.485368,0.582728,0.575847,0.558921
0.595835,0.516127,0.505845,0.618165,0.568990,0.610398,0.513180,0.616459
0.669365,0.490074,0.667436,0.581742,0.796054,0.658114,0.651925,0.544563
0.663466,0.539363,0.543141,0.831901,0.520161,0.561387,0.535766,0.764260
0.766008,0.512415,0.783031,0.677948,0.468227,0.672457,0.458045,0.552559
0.688358,0.671881,0.568079,0.555012,0.657382,0.475334,0.575554,0.568602
0.509139,0.562876,0.615120,0.664917,0.603938,0.618396,0.503721,0.527833
0.705570,0.495527,0.563546,0.673691,0.691844,0.575423,0.562195,0.736758
0.521740,0.777058,0.463337,0.540003,0.580075,0.493557,0.685794,0.490115
0.609875,0.491215,0.576143,0.345182,0.630669,0.642366,0.590725,0.792104
0.469024,0.629362,0.520153,0.661148,0.445779,0.619117,0.615037,0.435771
0.516444,0.698630,0.612211,0.689192,0.669915,0.512561,0.671928,0.617267
0.505138,0.676968,0.632867,0.468457,0.526722,0.598259,0.653556,0.533639
0.555531,0.677054,0.651583,0.375308,0.545528,0.770627,0.666003,0.468470
0.562018,0.657865,0.580157,0.720385,0.635913,0.529864,0.522167,0.442131
0.496943,0.585319,0.457069,0.478362,0.503054,0.551752,0.746607,0.525188
0.796511,0.495494,0.732024,0.618985,0.754272,0.505355,0.715586,0.473969
0.414813,0.564770,0.512699,0.646954,0.695028,0.553677,0.601771,0.680881
0.619635,0.480855,0.529925,0.718470,0.568379,0.415559,0.613117,0.566434
0.495218,0.529934,0.539569,0.628751,0.795402,0.586233,0.708454,0.601475
0.625344,0.524339,0.429016,0.546136,0.509063,0.520577,0.624532,0.556246
0.512493,0.493837,0.642494,0.636105,0.725946,0.721593,0.742731,0.524725
0.575415,0.703397,0.769766,0.618267,0.601824,0.443601,0.461584,0.450194
0.723729,0.484526,0.655062,0.493964,0.591075,0.462627,0.646396,0.465462
0.737646,0.629469,0.599746,0.369263,0.669492,0.360911,0.706931,0.567483
0.493717,0.675155,0.613990,0.628820,0.743444,0.692119,0.545075,0.372014
0.635041,0.543555,0.572428,0.438450,0.629582,0.419491,0.540589,0.744454
0.654413,0.574498,0.553345,0.578741,0.707562,0.675388,0.609940,0.515245
0.614403,0.606878,0.602854,0.409104,0.697423,0.533563,0.705090,0.640509
0.632813,0.615256,0.562440,0.736484,0.676541,0.762791,0.627681,0.615611
0.574007,0.456394,0.808866,0.697483,0.502115,0.705134,0.409653,0.706179
0.654079,0.721835,0.496409,0.646250,0.511220,0.439003,0.515221,0.642395
0.412946,0.520526,0.583801,0.720575,0.739747,0.453566,0.571945,0.596757
0.488801,0.540119,0.648870,0.628349,0.642690,0.499737,0.547744,0.761167
0.545623,0.672617,0.504609,0.773304,0.453287,0.658597,0.555307,0.581715
0.583147,0.442918,0.565201,0.672534,0.571794,0.515837,0.654480,0.680243
0.588596,0.690267,0.538218,0.566193,0.565132,0.741868,0.567566,0.737309
0.444873,0.433435,0.760513,0.653190,0.668572,0.495050,0.507780,0.554242
0.543349,0.655564,0.720951,0.583643,0.679817,0.617159,0.608102,0.574744
0.602552,0.683780,0.421669,0.473866,0.477278,0.703364,0.584457,0.520490
0.667999,0.725702,0.573983,0.501604,0.678859,0.678707,0.700504,0.330096
0.480601,0.851491,0.588555,0.658216,0.582410,0.568131,0.518268,0.426820
0.505074,0.525467,0.423273,0.732663,0.705025,0.309265,0.525155,0.597734
0.561195,0.657118,0.537141,0.426635,0.793591,0.777321,0.673856,0.688907
0.696790,0.477008,0.579016,0.682070,0.582025,0.666819,0.592572,0.530628
0.592218,0.637493,0.572358,0.648115,0.635083,0.532724,0.503926,0.725027
0.521346,0.533710,0.533365,0.524692,0.589059,0.548757,0.540032,0.516690
0.323532,0.429004,0.740189,0.610323,0.735658,0.674519,0.557635,0.579474
0.721119,0.639974,0.526809,0.547929,0.654775,0.611121,0.517087,0.559769
0.646087,0.771791,0.601890,0.588634,0.664375,0.607837,0.694344,0.568900
0.650499,0.703042,0.430332,0.555550,0.434760,0.531165,0.582299,0.684714
0.710773,0.552911,0.840478,0.840146,0.655883,0.551564,0.664493,0.704527
0.708251,0.468666,0.603056,0.675187,0.610865,0.691692,0.657017,0.725298
0.579385,0.776592,0.487522,0.744546,0.612792,0.812236,0.535678,0.436828
0.483530,0.637071,0.583303,0.720085,0.613274,0.781781,0.668518,0.716353
0.526482,0.586133,0.543932,0.655356,0.536104,0.686032,0.546191,0.627012
0.680955,0.611047,0.621633,0.501290,0.627758,0.498555,0.537459,0.571552
0.739496,0.496955,0.484422,0.658092,0.554393,0.639015,0.527375,0.551554
0.715847,0.598834,0.597840,0.630610,0.917733,0.534532,0.414625,0.582367
0.549628,0.572300,0.634026,0.676489,0.522590,0.664781,0.559565,0.680672
0.615836,0.586341,0.625943,0.537225,0.484368,0.429016,0.629143,0.624693
0.729241,0.636452,0.603041,0.734892,0.510301,0.639252,0.537716,0.562299
0.650674,0.624062,0.620972,0.430171,0.610596,0.415118,0.521377,0.590638
0.658164,0.571786,0.485687,0.494049,0.680774,0.662655,0.764390,0.491157
0.496004,0.589325,0.723073,0.695539,0.585144,0.592522,0.704532,0.759512
0.505267,0.477626,0.546579,0.693434,0.542435,0.332277,0.723976,0.453037
0.687391,0.663182,0.487553,0.673751,0.543169,0.697864,0.523189,0.688435
0.688591,0.512036,0.674851,0.582197,0.640749,0.513100,0.650687,0.705590
0.615420,0.645336,0.628404,0.607320,0.429714,0.619473,0.511070,0.362908
0.403853,0.636251,0.420436,0.706861,0.595176,0.498290,0.447430,0.477635
0.637693,0.449740,0.600011,0.495458,0.777584,0.706940,0.652049,0.635964
0.590905,0.605744,0.442481,0.655660,0.394641,0.532026,0.719523,0.586424
0.562338,0.634326,0.547303,0.651821,0.639439,0.499452,0.386924,0.616261
0.613150,0.646814,0.537290,0.575537,0.545673,0.614662,0.609105,0.645772
0.639909,0.388671,0.602675,0.675348,0.698744,0.449265,0.448267,0.655149
0.622409,0.625724,0.586713,0.441021,0.564786,0.460887,0.339107,0.711344
0.687176,0.707522,0.470521,0.459074,0.731761,0.499920,0.684687,0.638499
0.528319,0.463941,0.617540,0.456710,0.643801,0.544935,0.628098,0.350603
0.514591,0.501747,0.443405,0.557117,0.562889,0.424788,0.587177,0.649865
0.611251,0.482146,0.753060,0.631878,0.634784,0.418921,0.662363,0.645616
0.629526,0.630738,0.526295,0.546923,0.605527,0.550296,0.526854,0.624519
0.629738,0.506595,0.695215,0.615174,0.503392,0.494449,0.665239,0.641257
0.570926,0.601975,0.464250,0.709044,0.563380,0.827716,0.728531,0.584461
0.514444,0.538759,0.537424,0.652218,0.516582,0.620315,0.517795,0.705682
0.668021,0.655950,0.567878,0.766267,0.463778,0.498074,0.574437,0.511608
0.558259,0.651632,0.667295,0.688913,0.628219,0.615420,0.596073,0.468911
0.702270,0.575101,0.754606,0.444322,0.581610,0.384687,0.674979,0.418453
0.751949,0.629986,0.731814,0.821042,0.536604,0.490196,0.602204,0.484786
0.612925,0.581279,0.728431,0.558998,0.597310,0.542822,0.578714,0.658420
0.733681,0.614866,0.649328,0.605446,0.664556,0.630763,0.546061,0.705007
0.617028,0.413691,0.408763,0.572507,0.685904,0.781207,0.546743,0.595423
0.549276,0.543740,0.612012,0.657100,0.480488,0.634120,0.555966,0.811984
0.470312,0.585594,0.395030,0.564985,0.664643,0.437218,0.509997,0.568996
0.653835,0.698166,0.731562,0.844015,0.610284,0.648975,0.722712,0.574436
0.645669,0.600924,0.712616,0.592196,0.708203,0.553166,0.626684,0.777367
0.638682,0.463071,0.450616,0.616150,0.560123,0.502020,0.510321,0.561915
0.707432,0.745667,0.713732,0.645945,0.666866,0.510582,0.733809,0.618199
0.761819,0.469522,0.621832,0.609225,0.708250,0.563960,0.543099,0.729889
0.530504,0.463111,0.629471,0.607354,0.660451,0.623497,0.639403,0.660639
0.431084,0.565152,0.591509,0.673729,0.687658,0.510977,0.561254,0.411071
0.565657,0.502944,0.724642,0.646810,0.697348,0.498282,0.691780,0.438252
0.384226,0.600342,0.682899,0.572970,0.689100,0.635141,0.592760,0.632376
0.354630,0.469974,0.551646,0.435335,0.456412,0.682068,0.622402,0.483237
0.737121,0.577610,0.845130,0.667068,0.498491,0.538037,0.654970,0.663413
0.535995,0.727479,0.682476,0.586110,0.509836,0.676542,0.642084,0.506457
0.489043,0.624850,0.520943,0.635571,0.455197,0.332239,0.584553,0.555497
0.598707,0.603209,0.706811,0.612277,0.588751,0.623659,0.461775,0.725821
0.516882,0.505794,0.685351,0.571027,0.609071,0.718575,0.668200,0.463419
0.423041,0.653566,0.435866,0.602371,0.417322,0.713360,0.602165,0.598395
0.600796,0.599541,0.623912,0.552947,0.460486,0.580134,0.630764,0.534929
0.530206,0.512144,0.573684,0.697860,0.500022,0.714278,0.650416,0.577586
0.519907,0.671169,0.549162,0.676752,0.594846,0.628834,0.737409,0.801368
0.624019,0.585917,0.586500,0.526892,0.474851,0.562278,0.506464,0.645871
0.593213,0.621252,0.454716,0.708809,0.573152,0.612071,0.542143,0.641319
0.603843,0.691264,0.782666,0.501337,0.702578,0.650600,0.651567,0.515311
0.641646,0.551166,0.605191,0.688197,0.740677,0.739199,0.603461,0.640872
0.734525,0.760869,0.505247,0.533550,0.628804,0.708858,0.675758,0.727956
0.625407,0.896926,0.534797,0.673607,0.505897,0.567023,0.512234,0.477589
0.600141,0.571403,0.519998,0.631937,0.465473,0.727329,0.596956,0.607865
0.679740,0.476038,0.573477,0.433991,0.738085,0.689711,0.681270,0.680460
0.559277,0.597026,0.655411,0.630027,0.570148,0.575801,0.512383,0.684351
0.660682,0.602032,0.674948,0.755414,0.707879,0.624560,0.791325,0.687197
0.740273,0.467188,0.664992,0.665688,0.531123,0.588598,0.554095,0.515448
0.688489,0.756587,0.767440,0.617692,0.541611,0.555696,0.344953,0.467998
0.659290,0.625430,0.766333,0.607935,0.641565,0.634063,0.823080,0.622665
0.581638,0.550407,0.547063,0.452167,0.543781,0.683871,0.535062,0.427037
0.469405,0.573730,0.527903,0.356547,0.506139,0.502684,0.565640,0.647583
0.563891,0.500192,0.518928,0.679200,0.524277,0.674755,0.746149,0.622587
0.825415,0.615408,0.484564,0.491325,0.717916,0.417690,0.635170,0.494515
0.704286,0.487134,0.533123,0.568077,0.731807,0.727552,0.598908,0.682846
0.771966,0.649768,0.491290,0.636214,0.699969,0.592061,0.487100,0.392489
0.660909,0.741254,0.518908,0.546444,0.703807,0.693678,0.647642,0.622779
0.685496,0.665810,0.630229,0.503062,0.648064,0.573994,0.692302,0.630615
0.466268,0.725219,0.703617,0.647947,0.548279,0.576609,0.594520,0.467300
0.720611,0.545294,0.647467,0.507373,0.738241,0.472462,0.785098,0.604546
0.455508,0.775752,0.607501,0.603715,0.559541,0.695417,0.715211,0.700618
0.604067,0.723018,0.879768,0.808258,0.572101,0.684792,0.569127,0.601579
0.536863,0.464262,0.591044,0.621856,0.600411,0.612981,0.670638,0.697729
0.563756,0.713954,0.715836,0.454923,0.650698,0.599204,0.704477,0.684337
0.507876,0.589514,0.567783,0.774791,0.622491,0.681759,0.588762,0.574856
0.549234,0.706832,0.594401,0.704357,0.562624,0.820318,0.716584,0.530696
0.503638,0.529721,0.539442,0.611420,0.468401,0.410964,0.708706,0.816378
0.743079,0.496428,0.565960,0.389072,0.593427,0.571428,0.710402,0.615758
0.534049,0.717818,0.776176,0.642251,0.554178,0.533438,0.658018,0.581727
0.727315,0.587164,0.357739,0.552547,0.653246,0.528909,0.718865,0.412275
0.771508,0.578479,0.587395,0.598108,0.552753,0.498564,0.602194,0.477834
0.471989,0.539109,0.761434,0.521770,0.614165,0.689504,0.636230,0.612951
0.618660,0.712848,0.528964,0.690739,0.544054,0.731832,0.812066,0.530465
0.584726,0.689581,0.526997,0.606290,0.720220,0.619807,0.634177,0.601875
0.610548,0.403992,0.595883,0.731825,0.566554,0.588056,0.520289,0.709171
0.544496,0.640115,0.699953,0.527448,0.541607,0.684022,0.820383,0.530987
0.515875,0.494316,0.696374,0.418656,0.717414,0.595817,0.579377,0.704543
0.625794,0.706404,0.614022,0.605687,0.534887,0.498996,0.753275,0.602883
0.631806,0.752410,0.459014,0.506044,0.504929,0.582884,0.562871,0.698149
0.628561,0.692862,0.600624,0.522169,0.419354,0.458570,0.576432,0.505562
0.480748,0.585160,0.547157,0.622402,0.621594,0.532957,0.513874,0.642668
0.723064,0.655330,0.632700,0.801461,0.542466,0.647276,0.537250,0.709744
0.669367,0.626120,0.780381,0.530751,0.652264,0.675657,0.472458,0.623299
0.633157,0.493410,0.582502,0.523357,0.637047,0.707784,0.687799,0.591385
0.681373,0.742248,0.657504,0.538977,0.705387,0.522906,0.490606,0.618952
0.608812,0.637583,0.617018,0.604664,0.505881,0.631887,0.484755,0.716705
0.583859,0.368313,0.687159,0.637802,0.550153,0.671041,0.532485,0.567390
0.738656,0.614608,0.514528,0.575123,0.482252,0.620034,0.555383,0.565849
0.605168,0.709030,0.539537,0.570379,0.396186,0.591554,0.628703,0.683743
0.762686,0.708567,0.631009,0.499388,0.491367,0.523758,0.608674,0.579448
0.693135,0.537205,0.475146,0.674116,0.677819,0.550681,0.450043,0.911415
0.415693,0.599382,0.538530,0.600374,0.757154,0.517713,0.620375,0.641707
0.628067,0.487337,0.629801,0.540520,0.701096,0.553538,0.629759,0.595582
0.654344,0.666028,0.606981,0.539497,0.548413,0.743919,0.769864,0.569025
0.634944,0.539941,0.493665,0.662724,0.638919,0.594702,0.645897,0.686155
0.598579,0.508884,0.498200,0.528642,0.776672,0.549132,0.625207,0.562860
0.709345,0.493313,0.654651,0.533864,0.845594,0.537089,0.456637,0.672019
0.587506,0.688578,0.533944,0.519945,0.619587,0.663307,0.638807,0.908979
0.794287,0.712619,0.419498,0.605850,0.516326,0.607717,0.508150,0.551964
0.524243,0.578980,0.561192,0.540188,0.731870,0.490215,0.689045,0.684190
0.469473,0.642733,0.556491,0.624238,0.609174,0.499470,0.776431,0.519219
0.579376,0.607454,0.519349,0.465557,0.708941,0.631300,0.603119,0.722116
0.529345,0.481755,0.636477,0.677304,0.577399,0.509445,0.732750,0.795877
0.710089,0.706105,0.509535,0.584897,0.571009,0.652647,0.632354,0.800916
0.588062,0.636154,0.676538,0.597145,0.455667,0.568029,0.709226,0.515218
0.670215,0.507222,0.427132,0.537671,0.380072,0.516715,0.489666,0.737023
0.578491,0.550228,0.710888,0.384815,0.394648,0.678355,0.643044,0.668170
0.523826,0.658093,0.387076,0.529815,0.686122,0.588035,0.570579,0.584369
0.636662,0.498334,0.732393,0.570093,0.622193,0.818554,0.644095,0.530760
0.580849,0.544804,0.506027,0.576417,0.556500,0.362926,0.598272,0.623155
0.532089,0.701295,0.552235,0.592480,0.621166,0.595589,0.508241,0.723959
0.532824,0.559085,0.404463,0.532253,0.553462,0.503769,0.571184,0.641736
0.715081,0.615435,0.682854,0.596267,0.514610,0.740870,0.627712,0.601180
0.814929,0.670524,0.519268,0.704430,0.591985,0.651545,0.556986,0.534584
0.528614,0.563820,0.503541,0.647810,0.552278,0.510743,0.735605,0.725842
0.462676,0.366141,0.574693,0.674316,0.596931,0.660789,0.647503,0.511838
0.470903,0.573665,0.563664,0.476617,0.547137,0.707074,0.722478,0.459666
0.387959,0.580245,0.287408,0.662232,0.586679,0.700694,0.661471,0.559840
0.527020,0.607458,0.710596,0.564035,0.534012,0.669677,0.485933,0.585373
0.422105,0.534317,0.636846,0.643517,0.594102,0.440016,0.480895,0.580542
0.482865,0.743972,0.540268,0.690127,0.518255,0.453818,0.773175,0.773866
0.450989,0.624541,0.621843,0.646216,0.545402,0.682888,0.608977,0.819351
0.709089,0.635622,0.509132,0.516828,0.526788,0.525603,0.697854,0.664031
0.759876,0.598332,0.609907,0.660307,0.467300,0.656791,0.627807,0.599806
0.584472,0.497762,0.688164,0.561765,0.558540,0.557334,0.515522,0.551241
0.612030,0.446732,0.491080,0.561424,0.704817,0.570674,0.505319,0.585809
0.705673,0.639845,0.460635,0.572431,0.450795,0.558028,0.621649,0.695004
0.755904,0.596783,0.425186,0.564297,0.659838,0.507433,0.551159,0.768309
0.467836,0.589506,0.446173,0.498515,0.585966,0.815394,0.693906,0.527524
0.759459,0.592162,0.802145,0.545268,0.560609,0.586530,0.610203,0.566506
0.728965,0.579752,0.472187,0.574709,0.542446,0.602337,0.611995,0.704150
0.694535,0.638037,0.662335,0.619830,0.562430,0.460677,0.687870,0.686917
0.635161,0.737337,0.681639,0.530397,0.475446,0.429301,0.675610,0.657317
0.548698,0.505861,0.631975,0.735227,0.729138,0.519193,0.687595,0.687652
0.580187,0.510483,0.522508,0.633170,0.698047,0.591456,0.565656,0.753595
0.463154,0.610882,0.394683,0.479058,0.612635,0.680634,0.442489,0.478979
0.676298,0.580788,0.628105,0.554267,0.643763,0.591546,0.642033,0.553016
0.551256,0.549144,0.662097,0.600725,0.474400,0.526368,0.601863,0.587540
0.749987,0.601265,0.670744,0.551320,0.601205,0.569861,0.657147,0.656522
0.660021,0.726328,0.503561,0.591108,0.745875,0.712684,0.407416,0.703394
0.535542,0.648038,0.707384,0.514851,0.697818,0.507951,0.437115,0.793796
0.640692,0.481829,0.642512,0.498583,0.462740,0.505963,0.767058,0.422434
0.514780,0.572116,0.650503,0.656937,0.544911,0.494380,0.471186,0.595151
0.495148,0.660367,0.678321,0.657525,0.431224,0.802078,0.694298,0.508854
0.669688,0.524381,0.644617,0.472531,0.445577,0.504860,0.603871,0.578273
0.611126,0.662616,0.518178,0.522644,0.550454,0.657115,0.600508,0.530780
0.709546,0.660406,0.679013,0.421062,0.575518,0.657138,0.636952,0.586837
0.650721,0.593955,0.670043,0.711265,0.578149,0.505104,0.657066,0.567543
0.574149,0.627343,0.659121,0.654760,0.693427,0.600247,0.459843,0.715431
0.430532,0.758115,0.642788,0.473696,0.755992,0.465599,0.745007,0.514498
0.467355,0.522732,0.702821,0.605729,0.446115,0.561159,0.618660,0.500020
0.480144,0.617893,0.454960,0.736503,0.651208,0.800628,0.737499,0.606157
0.805988,0.482931,0.668227,0.559395,0.559702,0.662744,0.603163,0.497959
0.712274,0.696222,0.591542,0.478364,0.604610,0.603195,0.640939,0.647140
0.668419,0.552013,0.559593,0.524831,0.493299,0.706575,0.581221,0.400251
0.653554,0.555740,0.513213,0.590492,0.709393,0.672652,0.463011,0.751568
0.528092,0.657824,0.715139,0.908439,0.486823,0.521529,0.734096,0.668749
0.410999,0.786729,0.493261,0.530403,0.697687,0.417132,0.581555,0.550211
0.576923,0.598165,0.857330,0.558334,0.522647,0.562480,0.600903,0.438772
0.597031,0.540920,0.579568,0.621646,0.666453,0.506616,0.502795,0.477673
0.670613,0.559287,0.554832,0.422615,0.548754,0.701860,0.523286,0.461862
0.528026,0.590600,0.478259,0.707792,0.637572,0.586249,0.626718,0.646295
0.630941,0.494624,0.593128,0.526187,0.626798,0.633153,0.580086,0.445492
0.606414,0.613135,0.681225,0.497030,0.610923,0.679318,0.475183,0.607251
0.621337,0.694674,0.638481,0.530468,0.584768,0.459276,0.704450,0.475739
0.721544,0.626070,0.487104,0.638364,0.369410,0.673777,0.495479,0.532248
0.564589,0.588873,0.601603,0.609778,0.721857,0.651400,0.666802,0.705610
0.632040,0.382715,0.513053,0.679740,0.704150,0.586997,0.671931,0.670729
0.626083,0.766187,0.635160,0.528777,0.552458,0.618204,0.670159,0.301360
0.559903,0.784677,0.725490,0.515645,0.539265,0.464256,0.475864,0.670160
0.449511,0.538579,0.616686,0.566286,0.498880,0.551419,0.433454,0.451432
0.701521,0.571974,0.619594,0.666248,0.530032,0.662619,0.633404,0.679047
0.678832,0.583788,0.615547,0.555820,0.417005,0.512345,0.596269,0.338745
0.559231,0.705058,0.495639,0.616120,0.725808,0.701182,0.510315,0.563161
0.528864,0.784290,0.476566,0.573831,0.606551,0.527183,0.619292,0.677922
0.637287,0.717333,0.584331,0.755012,0.581758,0.638880,0.643205,0.421001
0.747431,0.688706,0.590238,0.742123,0.743735,0.662855,0.380181,0.558854
0.609162,0.695994,0.644449,0.665243,0.513912,0.591490,0.697140,0.513831
0.383430,0.713321,0.838348,0.602732,0.746648,0.638739,0.554325,0.464481
0.486683,0.514115,0.546934,0.533190,0.672623,0.594851,0.613840,0.600676
0.694076,0.711343,0.487711,0.488848,0.438190,0.758692,0.572392,0.594360
0.522552,0.702753,0.687902,0.694449,0.583142,0.662085,0.571251,0.696146
0.520275,0.490189,0.711581,0.409359,0.732593,0.632635,0.581079,0.672877
0.636465,0.544855,0.520908,0.737268,0.582625,0.757761,0.602952,0.627294
0.604320,0.424592,0.751309,0.591163,0.555994,0.631590,0.415296,0.642042
0.663813,0.649378,0.615268,0.620878,0.517064,0.437014,0.705384,0.649035
0.652712,0.635693,0.681209,0.587502,0.691870,0.861558,0.620753,0.650603
0.606063,0.581246,0.692012,0.507046,0.500379,0.784727,0.558625,0.785916
0.391664,0.523094,0.422493,0.733962,0.588054,0.555667,0.446008,0.815646
0.572133,0.491034,0.680495,0.526649,0.692688,0.613454,0.610153,0.662597
0.712911,0.589295,0.475329,0.742943,0.497878,0.581412,0.775294,0.693892
0.582421,0.694717,0.491092,0.750660,0.628214,0.468440,0.556078,0.543645
0.610343,0.577836,0.581576,0.535755,0.442339,0.485431,0.525806,0.479263
0.651891,0.749135,0.700247,0.609232,0.586913,0.725104,0.757884,0.782735
0.688242,0.896062,0.587583,0.419742,0.705707,0.617928,0.462829,0.582641
0.499266,0.603282,0.765071,0.688731,0.495934,0.780460,0.579666,0.581642
0.597119,0.623250,0.765109,0.657036,0.550803,0.853065,0.562202,0.548802
0.577210,0.611997,0.593569,0.678150,0.438157,0.728112,0.733382,0.619386
0.571961,0.731130,0.380536,0.491156,0.738034,0.847800,0.464529,0.734200
0.720874,0.511488,0.798049,0.401499,0.527126,0.651826,0.625499,0.424192
0.491852,0.698281,0.512484,0.507946,0.622768,0.664246,0.708637,0.784263
0.671109,0.597674,0.695105,0.767052,0.504789,0.794294,0.504429,0.683975
0.586799,0.485581,0.596093,0.777120,0.731188,0.622532,0.656478,0.600590
0.601277,0.673521,0.590578,0.733678,0.601579,0.444751,0.757253,0.688115
0.738123,0.626198,0.669620,0.476979,0.582358,0.717526,0.637688,0.608288
0.587594,0.333770,0.395177,0.574031,0.679896,0.630009,0.718405,0.700254
0.501758,0.409947,0.523445,0.445651,0.601112,0.547111,0.687597,0.674059
0.560101,0.622878,0.621931,0.710552,0.500619,0.760661,0.689140,0.529861
0.704306,0.599723,0.574987,0.776177,0.491221,0.651652,0.409135,0.732579
0.522383,0.660964,0.516279,0.626033,0.662072,0.449349,0.819548,0.732313
0.418786,0.638928,0.612174,0.573797,0.544576,0.729153,0.523145,0.672467
0.453332,0.551322,0.643654,0.698929,0.792420,0.612115,0.576502,0.688396
0.604739,0.591053,0.595332,0.506980,0.466354,0.814676,0.581613,0.417195
0.670762,0.569212,0.605361,0.505841,0.469044,0.583179,0.777428,0.784798
0.666532,0.454392,0.591030,0.652777,0.547793,0.561178,0.591626,0.395251
0.335660,0.660323,0.662629,0.699820,0.578025,0.501211,0.695337,0.648401
0.658348,0.609102,0.606698,0.550979,0.502041,0.543550,0.538037,0.731210
0.630842,0.736905,0.548945,0.465968,0.554051,0.532763,0.772314,0.579506
0.582137,0.590482,0.518072,0.685043,0.632798,0.457418,0.584390,0.521362
0.699908,0.463591,0.729409,0.695930,0.607766,0.677013,0.676278,0.503614
0.572732,0.412440,0.731948,0.723440,0.604027,0.471888,0.661583,0.546785
0.543799,0.775156,0.619747,0.558456,0.717726,0.598125,0.442792,0.573411
0.600550,0.650268,0.681606,0.491315,0.657299,0.367273,0.591653,0.605473
0.561116,0.660205,0.555707,0.815598,0.693155,0.595745,0.647381,0.794635
0.560281,0.541913,0.506923,0.649915,0.442649,0.626786,0.515177,0.667590
0.541131,0.583312,0.584910,0.512494,0.668028,0.664110,0.500641,0.663824
0.299788,0.681170,0.612099,0.662334,0.635095,0.638128,0.590264,0.634599
0.563443,0.466976,0.517092,0.685612,0.613982,0.679220,0.713944,0.351498
0.700500,0.640597,0.537300,0.549544,0.631597,0.729945,0.662530,0.361614
0.468857,0.796092,0.612076,0.478931,0.532811,0.544552,0.582230,0.496308
0.424237,0.654289,0.530554,0.593859,0.694382,0.674462,0.575559,0.444175
0.541427,0.611244,0.599264,0.548883,0.554515,0.639269,0.637859,0.708819
0.783662,0.470680,0.633573,0.650019,0.595153,0.784859,0.643688,0.752824
0.490258,0.610573,0.740108,0.643810,0.661297,0.765282,0.439931,0.649652
0.726234,0.458560,0.671816,0.572922,0.449553,0.730483,0.628448,0.641939
0.586849,0.432496,0.548335,0.601051,0.596454,0.501095,0.458861,0.508626
0.648330,0.522182,0.780499,0.665008,0.619274,0.511736,0.518578,0.566745
0.573727,0.562462,0.550956,0.708982,0.521189,0.574519,0.416657,0.542077
0.441155,0.530959,0.684913,0.575286,0.647541,0.516092,0.606788,0.626007
0.598149,0.579201,0.511820,0.601664,0.550658,0.605022,0.604992,0.668993
0.496961,0.529616,0.321733,0.448307,0.610767,0.349472,0.659575,0.472101
0.571340,0.551327,0.689346,0.689577,0.648025,0.617447,0.776793,0.524893
0.545957,0.709676,0.654225,0.419459,0.675240,0.526369,0.521201,0.703623
0.572892,0.519001,0.656233,0.725448,0.576276,0.836437,0.658372,0.592513
0.680232,0.643318,0.507356,0.620771,0.497558,0.504587,0.546109,0.593353
0.570843,0.615340,0.700857,0.642580,0.420552,0.766034,0.754403,0.550701
0.781764,0.589826,0.482443,0.641242,0.613485,0.560471,0.606170,0.721461
0.515669,0.541973,0.483604,0.663835,0.928634,0.520864,0.855194,0.466485
0.930756,0.684116,0.652765,0.489957,0.626822,0.509816,0.625050,0.356067
0.598640,0.505279,0.437708,0.468055,0.642939,0.532636,0.480847,0.443401
0.569960,0.631218,0.556977,0.574906,0.545226,0.518514,0.647032,0.714173
0.498116,0.634193,0.634908,0.639026,0.427006,0.450035,0.450911,0.784485
0.654278,0.628184,0.719931,0.540243,0.647006,0.460393,0.674441,0.487795
0.379919,0.699981,0.543228,0.591672,0.794972,0.555379,0.437091,0.389485
0.590557,0.713818,0.549689,0.507685,0.780686,0.454074,0.610654,0.459905
0.614223,0.585226,0.634570,0.631258,0.706875,0.551189,0.618735,0.371259
0.632140,0.495313,0.518822,0.578408,0.675788,0.615790,0.660827,0.614382
0.561166,0.607018,0.673351,0.585734,0.666113,0.559392,0.622754,0.548639
0.518347,0.614454,0.715661,0.599730,0.819055,0.451689,0.679640,0.502762
0.678895,0.762421,0.620163,0.443581,0.624740,0.565838,0.808724,0.694794
0.571835,0.552983,0.347973,0.514352,0.384945,0.559372,0.703540,0.581633
0.492384,0.737822,0.586584,0.695471,0.542715,0.386576,0.604316,0.484578
0.459156,0.548723,0.508631,0.657272,0.680189,0.675139,0.718837,0.573206
0.760475,0.509225,0.696344,0.705897,0.526837,0.779495,0.630033,0.545914
0.536670,0.678372,0.584118,0.562355,0.735197,0.665863,0.508829,0.563885
0.607956,0.621012,0.437330,0.672901,0.338408,0.637728,0.475519,0.595444
0.720998,0.698715,0.611325,0.536617,0.635073,0.560814,0.685812,0.561698
0.497829,0.448986,0.586843,0.711983,0.600380,0.547608,0.583643,0.530371
0.626981,0.514576,0.547680,0.584331,0.405100,0.704186,0.454501,0.545939
0.616256,0.684576,0.523015,0.511551,0.645265,0.713719,0.595069,0.567205
0.434396,0.658583,0.542629,0.586457,0.471510,0.626867,0.666557,0.519306
0.633872,0.659294,0.387213,0.554935,0.669854,0.631039,0.648418,0.575266
0.469988,0.657786,0.620596,0.591666,0.416026,0.692699,0.667132,0.632827
0.495195,0.360996,0.658599,0.876858,0.494693,0.425949,0.760867,0.650490
0.483733,0.449443,0.502698,0.459356,0.361059,0.531358,0.466322,0.499425
0.540688,0.512421,0.930861,0.680121,0.519603,0.707233,0.536888,0.564691
0.665371,0.617767,0.510267,0.691091,0.839353,0.464049,0.673206,0.585664
0.655240,0.701505,0.543630,0.668352,0.502265,0.811868,0.670677,0.429022
0.580486,0.556043,0.497781,0.577063,0.531586,0.491964,0.692926,0.759330
0.450597,0.531397,0.677383,0.662863,0.627222,0.673901,0.637793,0.584978
0.645636,0.629018,0.525214,0.547451,0.694952,0.489557,0.703995,0.758857
0.644969,0.598257,0.656915,0.547444,0.497791,0.548719,0.624393,0.681920
0.473672,0.625067,0.626490,0.676286,0.560556,0.504294,0.552349,0.503069
0.565184,0.509966,0.728572,0.472264,0.558295,0.651419,0.399187,0.658637
0.594896,0.630202,0.608633,0.549273,0.664023,0.772976,0.784594,0.434665
0.467363,0.427695,0.457833,0.384385,0.612501,0.464477,0.635079,0.500506
0.408791,0.511618,0.530534,0.668067,0.552674,0.623140,0.557710,0.547017
0.565296,0.582105,0.807387,0.517910,0.624969,0.503466,0.619752,0.583046
0.597776,0.550756,0.425181,0.556695,0.621915,0.489726,0.618378,0.528633
0.500664,0.431873,0.512115,0.470092,0.405770,0.670316,0.652255,0.722377
0.714849,0.439974,0.454787,0.631172,0.554703,0.550761,0.738397,0.833320
0.583000,0.725458,0.740461,0.584615,0.653945,0.727167,0.601361,0.679351
0.619837,0.701353,0.405553,0.585164,0.482231,0.613227,0.502265,0.575691
0.647993,0.467595,0.692395,0.705940,0.443162,0.521780,0.621368,0.541502
0.560211,0.621617,0.687410,0.556709,0.713822,0.565555,0.750747,0.909157
0.650797,0.423317,0.412923,0.597307,0.730719,0.510349,0.725302,0.529090
0.735728,0.639102,0.687733,0.758114,0.621022,0.632856,0.535154,0.544058
0.809552,0.381027,0.731307,0.682315,0.738598,0.705224,0.693483,0.800864
0.699491,0.592056,0.656603,0.764467,0.641449,0.382759,0.520687,0.443269
0.725166,0.580399,0.580442,0.461659,0.612738,0.607735,0.658042,0.624736
0.683139,0.726741,0.746181,0.602923,0.556539,0.569236,0.633499,0.459819
0.597052,0.573775,0.572009,0.692921,0.696878,0.643200,0.624747,0.774098
0.565310,0.555955,0.619024,0.651744,0.675402,0.699972,0.594165,0.497023
0.636163,0.514308,0.569471,0.455490,0.584066,0.563006,0.475103,0.644372
0.561168,0.624145,0.658210,0.648761,0.537042,0.580655,0.771268,0.622268
0.676102,0.709857,0.572209,0.562283,0.766480,0.506985,0.498296,0.685877
0.627496,0.701618,0.573927,0.709400,0.794393,0.608184,0.476972,0.559882
0.505058,0.691081,0.498645,0.511112,0.505449,0.423690,0.544446,0.467287
0.551823,0.508382,0.540065,0.664554,0.675397,0.618563,0.530609,0.666607
0.465258,0.605486,0.676977,0.550208,0.721783,0.675555,0.587350,0.647428
0.751053,0.610344,0.641102,0.538604,0.784027,0.709871,0.686483,0.790106
0.714013,0.460334,0.551156,0.635051,0.678238,0.592911,0.694143,0.537102
0.507371,0.604194,0.527241,0.639843,0.604003,0.761198,0.442771,0.410937
0.712498,0.605431,0.512337,0.732311,0.728257,0.583931,0.483956,0.497114
0.394244,0.713630,0.597033,0.735270,0.537896,0.494619,0.439888,0.608048
0.564614,0.583109,0.497260,0.500501,0.632114,0.639148,0.557273,0.802768
0.484321,0.719976,0.497810,0.628127,0.553506,0.267333,0.647897,0.547903
0.868462,0.530537,0.515136,0.608468,0.562900,0.582169,0.706201,0.663436
0.710363,0.560478,0.541970,0.620196,0.554889,0.654085,0.515439,0.641925
0.401790,0.671635,0.553009,0.675498,0.687996,0.701868,0.588696,0.666962
0.486283,0.650380,0.551633,0.646193,0.691421,0.662531,0.577279,0.639329
0.621416,0.547546,0.632408,0.666000,0.489530,0.474726,0.512688,0.532511
0.522397,0.713093,0.570806,0.789013,0.496757,0.611083,0.603514,0.649996
0.538236,0.608194,0.644382,0.582895,0.686381,0.761606,0.603831,0.633988
0.498460,0.538728,0.560388,0.585472,0.413566,0.798863,0.580171,0.704122
0.684758,0.528578,0.584480,0.761588,0.629178,0.531545,0.540217,0.491999
0.654242,0.552809,0.683545,0.579328,0.564921,0.756242,0.525499,0.530837
0.613866,0.513065,0.400186,0.459576,0.680383,0.418167,0.667940,0.493196
0.474450,0.641844,0.626696,0.740340,0.624781,0.577839,0.641916,0.580297
0.507226,0.566001,0.708333,0.486193,0.531981,0.718827,0.806660,0.524666
0.578614,0.452090,0.490490,0.663884,0.541774,0.428023,0.645049,0.668548
0.559378,0.641053,0.520319,0.389558,0.522548,0.640602,0.702344,0.669709
0.664740,0.543003,0.695901,0.493914,0.494693,0.650147,0.574336,0.618772
0.610095,0.718965,0.491161,0.793982,0.670479,0.684129,0.664501,0.700580
0.720742,0.583288,0.699249,0.607284,0.578987,0.544525,0.723606,0.649927
0.473714,0.619388,0.478996,0.608908,0.499409,0.638375,0.579595,0.669529
0.710325,0.565815,0.540067,0.685148,0.418597,0.515872,0.447758,0.402063
0.570607,0.578463,0.573292,0.495277,0.632465,0.648895,0.538536,0.735067
0.496267,0.576962,0.687269,0.552424,0.674571,0.470443,0.697809,0.668449
0.590083,0.616946,0.615846,0.643738,0.600460,0.646306,0.817955,0.530811
0.593038,0.592313,0.589987,0.883105,0.565200,0.791613,0.865283,0.538892
0.648807,0.638467,0.573324,0.678106,0.629622,0.707873,0.651771,0.528835
0.516518,0.701700,0.629789,0.442926,0.695835,0.627759,0.544403,0.539879
0.498876,0.530956,0.505499,0.551541,0.729733,0.398352,0.606257,0.566041
0.576274,0.581461,0.638099,0.702763,0.714682,0.544968,0.406530,0.715272
0.551959,0.487151,0.635592,0.493737,0.660239,0.667930,0.453651,0.717786
0.489489,0.533088,0.592310,0.443083,0.473150,0.728531,0.782747,0.799858
0.748019,0.673039,0.754891,0.713907,0.534668,0.593169,0.656095,0.384370
0.537862,0.684745,0.753229,0.601429,0.678326,0.686512,0.749088,0.639400
0.524396,0.449655,0.652602,0.569475,0.363970,0.488307,0.586261,0.685490
0.601863,0.514617,0.747372,0.643850,0.609009,0.693020,0.656898,0.632975
0.629696,0.789665,0.350753,0.697300,0.608486,0.477861,0.565281,0.637825
0.716900,0.531754,0.657761,0.494665,0.711450,0.762322,0.444128,0.562476
0.583167,0.657120,0.542923,0.724541,0.764948,0.572480,0.745743,0.631800
0.563690,0.775873,0.495016,0.614562,0.573117,0.689822,0.616708,0.479991
0.777987,0.751740,0.409065,0.459575,0.689368,0.552794,0.628610,0.650222
0.545437,0.560383,0.688175,0.580923,0.434392,0.541728,0.747815,0.626740
0.580920,0.773823,0.486912,0.570358,0.563409,0.572612,0.630124,0.676352
0.622544,0.459586,0.515848,0.731522,0.512265,0.712837,0.634200,0.682695
0.730703,0.811401,0.688562,0.619836,0.544335,0.488188,0.830288,0.573483
0.586922,0.813261,0.547823,0.734495,0.747678,0.792087,0.633039,0.454400
0.396809,0.677689,0.645542,0.457803,0.717726,0.581535,0.599937,0.418961
0.649829,0.429983,0.638922,0.645525,0.591429,0.747773,0.600614,0.555302
0.834131,0.563796,0.658005,0.633019,0.627662,0.712388,0.486072,0.519657
0.692115,0.584147,0.619525,0.562969,0.699725,0.765440,0.724398,0.582212
0.483623,0.314547,0.720000,0.660797,0.542796,0.734362,0.671914,0.607029
0.548518,0.525381,0.664681,0.616549,0.518331,0.689118,0.572961,0.459548
0.652723,0.535781,0.649203,0.602456,0.606026,0.393158,0.646536,0.572161
0.573863,0.798421,0.428222,0.637705,0.680119,0.656824,0.583044,0.466013
0.661323,0.469425,0.654132,0.637620,0.537274,0.508478,0.725015,0.489860
0.579147,0.661660,0.641077,0.511043,0.551055,0.617584,0.602592,0.602092
0.556923,0.525525,0.599943,0.616574,0.799313,0.552886,0.377875,0.505987
0.728701,0.611233,0.693836,0.589574,0.475562,0.626159,0.457205,0.697764
0.621848,0.418440,0.533574,0.410883,0.525107,0.560483,0.838221,0.580122
0.795493,0.608293,0.697094,0.735032,0.466246,0.663640,0.574063,0.578593
0.584662,0.546722,0.504924,0.795803,0.539366,0.704677,0.604329,0.492878
0.685090,0.563722,0.496428,0.673211,0.582501,0.636126,0.671042,0.459119
0.629904,0.718722,0.635667,0.571469,0.584427,0.666829,0.561825,0.907070
0.712961,0.405565,0.486886,0.498597,0.571599,0.609637,0.640673,0.779466
0.380062,0.687917,0.481139,0.401861,0.481686,0.636267,0.766232,0.492929
0.566569,0.641753,0.646312,0.718693,0.669855,0.761432,0.626556,0.738570
0.656058,0.467897,0.460797,0.531637,0.597040,0.543627,0.463202,0.496223